100 191
0 19 10
0 68 5
0 91 7
1 44 1
1 55 9
1 63 8
1 66 4
1 87 4
1 91 9
1 94 8
1 96 8
2 33 9
2 56 3
2 61 2
2 69 9
2 71 1
3 14 4
3 41 2
3 91 5
4 8 5
4 29 3
4 59 3
4 63 1
5 33 10
5 82 2
6 15 6
6 62 4
6 64 3
6 78 3
6 89 2
7 11 6
7 16 9
7 59 6
7 99 9
8 68 1
8 76 4
8 87 6
8 89 2
9 73 10
9 84 4
10 36 2
11 35 3
11 40 7
11 56 6
12 21 1
12 76 8
12 77 1
12 79 8
13 23 5
13 42 4
13 43 9
13 95 1
14 35 8
14 68 1
15 27 10
15 30 4
15 91 6
15 96 3
16 35 1
16 61 5
16 64 8
16 72 2
16 73 10
17 48 7
17 88 5
18 26 5
18 39 2
18 64 8
19 91 4
20 37 1
20 38 7
20 56 10
20 70 2
21 36 10
21 68 5
21 73 7
22 56 1
22 58 6
22 86 2
23 36 7
23 63 6
23 75 5
24 56 7
24 69 1
24 91 3
25 61 2
25 63 1
25 69 10
25 70 3
26 32 10
26 39 7
26 58 3
26 68 8
27 75 1
28 80 2
28 99 6
29 31 8
29 73 10
30 32 6
30 36 10
30 45 4
30 75 7
31 44 5
32 55 7
32 76 10
33 51 9
33 61 6
33 93 10
34 87 7
35 60 4
35 68 2
36 87 4
36 90 10
37 55 7
37 60 5
37 74 5
37 83 3
38 70 3
38 74 9
39 66 6
39 91 4
40 46 4
40 59 8
40 70 6
40 72 9
40 80 5
40 83 4
40 93 9
41 93 8
41 96 4
42 45 2
43 59 4
44 56 6
45 57 4
46 93 7
47 98 5
49 58 6
50 55 3
50 80 8
51 63 10
52 80 10
52 83 1
53 54 6
53 55 5
53 56 10
53 77 6
53 83 4
53 89 5
54 77 7
54 79 4
54 94 5
55 58 8
55 79 1
55 87 4
55 88 7
56 71 3
57 66 3
57 94 5
58 66 4
58 99 4
59 66 7
59 92 7
60 78 7
60 94 1
61 65 2
62 75 8
63 74 4
63 83 7
64 80 6
64 84 7
65 94 1
68 69 7
68 75 2
68 86 1
69 92 8
69 94 6
70 71 1
71 86 3
73 84 7
73 87 2
73 99 10
74 85 9
74 97 5
75 89 9
80 99 9
82 89 2
83 86 2
85 89 2
85 92 5
90 99 3
91 99 2