1000 9839
0 14 3
0 33 3
0 100 1
0 114 8
0 119 1
0 213 9
0 248 3
0 253 2
0 261 10
0 313 3
0 400 6
0 412 3
0 480 5
0 499 9
0 526 2
0 545 7
0 630 6
0 737 4
0 747 9
0 775 4
0 806 2
0 874 10
0 909 6
1 27 3
1 56 8
1 95 10
1 249 10
1 259 1
1 306 7
1 374 9
1 403 8
1 417 1
1 485 5
1 490 9
1 538 2
1 591 3
1 639 6
1 722 1
1 729 10
1 742 1
1 765 2
1 830 7
1 832 4
1 845 1
1 897 8
1 917 10
1 921 4
1 968 10
2 43 4
2 78 9
2 117 10
2 257 1
2 259 1
2 305 2
2 373 9
2 424 2
2 493 1
2 504 7
2 566 1
2 589 10
2 610 7
2 666 10
2 810 9
2 818 2
2 924 6
2 927 3
2 977 7
3 79 4
3 176 2
3 180 1
3 281 2
3 482 2
3 612 7
3 721 7
3 775 4
3 823 4
3 881 2
3 887 8
3 969 4
4 50 5
4 211 9
4 262 8
4 266 10
4 280 6
4 298 1
4 340 10
4 374 3
4 379 9
4 410 5
4 421 4
4 462 7
4 464 6
4 465 8
4 496 10
4 522 6
4 546 2
4 645 8
4 664 10
4 749 5
4 791 2
4 863 2
4 899 2
5 29 5
5 30 2
5 50 6
5 98 7
5 111 5
5 134 7
5 144 1
5 155 4
5 344 2
5 432 2
5 435 8
5 437 5
5 522 2
5 660 10
5 703 2
5 760 8
5 793 4
5 841 6
5 877 8
6 308 6
6 415 10
6 424 2
6 459 10
6 562 6
6 571 7
6 577 9
6 584 8
6 609 1
6 683 9
6 769 7
6 809 4
6 880 7
6 961 9
7 81 6
7 96 9
7 111 7
7 243 10
7 268 1
7 358 6
7 394 4
7 398 4
7 405 3
7 415 2
7 445 1
7 463 3
7 555 4
7 577 5
7 619 5
7 620 2
7 623 5
7 637 8
7 720 4
7 744 5
7 754 9
7 778 1
7 828 1
7 850 8
7 868 4
7 897 1
7 936 4
7 939 6
7 940 3
7 952 10
8 21 4
8 64 5
8 143 8
8 191 1
8 243 1
8 282 7
8 283 10
8 289 7
8 315 6
8 333 9
8 368 4
8 379 8
8 401 9
8 506 5
8 539 4
8 556 4
8 607 1
8 644 2
8 744 2
8 780 10
8 856 3
8 857 8
8 946 1
9 66 4
9 167 10
9 211 3
9 312 1
9 371 8
9 377 4
9 411 4
9 451 1
9 459 3
9 487 6
9 497 6
9 552 8
9 655 8
9 665 6
9 775 4
9 819 6
9 957 7
10 52 10
10 104 5
10 140 5
10 258 7
10 295 7
10 426 9
10 505 6
10 535 6
10 618 4
10 662 7
10 749 8
10 752 6
10 780 3
10 803 3
10 841 1
11 37 6
11 120 5
11 122 8
11 321 4
11 396 4
11 414 10
11 426 7
11 600 10
11 647 8
11 672 8
11 684 2
11 710 7
11 714 8
11 724 1
11 751 8
11 767 7
11 854 7
11 860 5
11 882 7
12 25 8
12 26 1
12 84 2
12 184 3
12 216 7
12 230 7
12 248 5
12 319 8
12 351 7
12 426 3
12 440 5
12 496 2
12 506 4
12 537 5
12 593 9
12 689 10
12 690 9
12 723 8
12 819 3
12 844 6
12 852 9
12 888 6
12 923 1
12 924 8
13 130 3
13 153 9
13 184 8
13 315 6
13 336 7
13 406 2
13 420 5
13 434 1
13 594 3
13 661 4
13 686 6
13 691 9
13 780 10
13 818 6
13 871 4
13 883 7
14 64 4
14 65 4
14 133 6
14 150 6
14 163 6
14 166 4
14 256 9
14 280 7
14 283 3
14 289 7
14 315 2
14 413 8
14 417 10
14 536 4
14 604 8
14 684 5
14 701 8
14 737 3
14 804 8
14 818 2
14 928 1
14 970 2
15 43 7
15 47 7
15 58 3
15 86 4
15 130 7
15 132 7
15 137 5
15 238 1
15 291 2
15 336 4
15 437 1
15 488 9
15 528 10
15 626 5
15 647 9
15 653 7
15 735 1
15 802 4
15 847 9
15 851 8
15 955 9
15 959 1
15 962 9
15 979 6
15 992 8
16 53 4
16 136 2
16 155 1
16 161 10
16 192 3
16 230 4
16 262 4
16 330 1
16 347 8
16 403 8
16 457 1
16 523 5
16 578 1
16 581 6
16 592 2
16 623 6
16 682 1
16 824 7
17 65 7
17 100 4
17 169 9
17 444 6
17 516 7
17 534 6
17 542 9
17 543 3
17 576 3
17 595 9
17 631 2
17 721 5
17 731 10
17 738 1
17 747 10
17 785 10
17 882 8
17 899 5
17 970 8
17 996 9
17 999 7
18 47 7
18 73 1
18 103 5
18 238 10
18 250 1
18 272 6
18 303 2
18 309 3
18 330 8
18 348 5
18 400 9
18 401 4
18 455 8
18 516 9
18 547 4
18 625 1
18 707 3
18 714 1
18 795 10
18 871 2
18 918 10
18 945 10
18 951 10
19 76 6
19 84 7
19 139 10
19 144 1
19 184 4
19 251 6
19 256 1
19 267 5
19 302 3
19 370 1
19 416 1
19 580 3
19 623 7
19 670 3
19 823 1
19 966 2
20 39 1
20 92 8
20 124 7
20 142 8
20 248 1
20 302 5
20 315 6
20 342 6
20 463 5
20 465 8
20 580 10
20 702 6
20 727 4
20 751 3
20 779 5
20 843 2
20 892 10
20 899 6
20 935 1
20 959 8
21 38 1
21 63 4
21 109 4
21 151 6
21 183 4
21 193 9
21 294 10
21 327 8
21 344 4
21 377 1
21 429 5
21 473 5
21 515 10
21 607 8
21 619 2
21 624 2
21 670 3
21 689 3
21 715 7
21 731 4
21 761 6
21 790 10
21 811 1
21 823 2
21 828 5
21 887 2
21 990 5
22 92 8
22 110 3
22 148 10
22 177 3
22 233 4
22 245 8
22 318 3
22 324 1
22 440 3
22 531 1
22 642 6
22 722 9
22 803 6
22 810 9
22 885 10
22 890 10
22 901 4
22 953 3
22 956 2
23 66 2
23 140 5
23 159 4
23 306 6
23 404 6
23 405 4
23 459 8
23 472 1
23 525 5
23 570 1
23 574 2
23 668 1
23 716 9
23 845 1
23 865 3
23 897 8
23 898 8
23 903 10
23 980 10
24 44 4
24 52 8
24 75 9
24 170 2
24 195 5
24 246 10
24 332 8
24 386 4
24 450 8
24 459 2
24 489 7
24 584 9
24 611 6
24 627 2
24 653 9
24 670 2
24 753 10
24 757 10
24 763 10
24 884 5
24 913 2
24 971 8
24 977 2
25 37 4
25 45 3
25 48 9
25 81 10
25 140 6
25 146 8
25 225 8
25 228 6
25 332 6
25 385 2
25 431 9
25 536 6
25 755 1
25 757 9
25 806 1
25 867 2
25 920 1
25 982 10
25 997 3
26 40 2
26 169 10
26 270 5
26 315 3
26 349 3
26 373 5
26 459 10
26 476 10
26 531 6
26 607 7
26 833 4
26 946 2
26 985 8
26 992 3
26 996 10
27 51 10
27 169 8
27 293 1
27 396 4
27 407 6
27 491 7
27 545 4
27 557 5
27 738 10
27 749 2
27 978 7
28 71 10
28 111 8
28 143 3
28 195 1
28 214 7
28 285 9
28 305 7
28 316 8
28 381 5
28 407 5
28 411 7
28 462 2
28 588 3
28 621 10
28 657 7
28 806 5
28 926 4
28 958 3
29 55 3
29 105 8
29 116 10
29 122 3
29 151 4
29 152 3
29 176 9
29 201 10
29 285 4
29 322 3
29 362 4
29 433 5
29 552 4
29 576 5
29 594 8
29 596 10
29 706 9
29 759 10
29 773 10
29 823 3
29 824 5
29 882 5
29 957 5
30 124 7
30 133 7
30 165 8
30 255 8
30 416 5
30 552 4
30 555 7
30 561 5
30 640 1
30 706 8
30 717 5
30 742 5
30 784 4
30 891 1
30 932 1
31 34 1
31 72 1
31 98 4
31 108 10
31 132 6
31 263 9
31 349 1
31 527 3
31 533 5
31 695 6
31 700 2
31 717 6
31 771 5
31 778 2
31 783 4
31 825 5
31 826 4
31 898 3
31 911 4
31 994 5
32 83 6
32 132 5
32 137 5
32 149 10
32 162 8
32 170 2
32 200 6
32 232 7
32 234 6
32 246 6
32 290 10
32 321 7
32 330 3
32 386 10
32 421 2
32 449 9
32 480 9
32 528 1
32 538 6
32 645 1
32 706 8
32 713 10
32 783 4
32 794 4
32 824 3
32 826 3
32 830 5
32 894 4
32 919 8
33 94 3
33 120 5
33 217 8
33 282 5
33 312 6
33 319 5
33 406 3
33 507 1
33 536 2
33 574 4
33 653 2
33 669 5
33 722 4
33 738 5
33 747 2
33 775 9
33 790 8
33 805 6
33 901 6
33 985 7
34 86 4
34 221 2
34 291 6
34 299 9
34 408 4
34 429 4
34 561 8
34 609 3
34 625 7
34 747 5
34 900 3
35 62 6
35 106 8
35 196 6
35 258 3
35 309 8
35 342 10
35 504 8
35 514 4
35 559 5
35 618 10
35 736 6
35 800 8
35 805 9
36 100 1
36 128 8
36 192 6
36 228 10
36 229 6
36 272 6
36 286 7
36 321 9
36 343 1
36 373 9
36 379 6
36 388 8
36 400 2
36 403 7
36 439 9
36 547 5
36 554 3
36 577 2
36 647 4
36 670 8
36 681 7
36 697 5
36 704 8
36 738 4
36 752 6
36 881 6
36 933 9
36 966 5
37 43 4
37 74 4
37 90 4
37 215 5
37 249 6
37 376 3
37 412 6
37 417 4
37 545 8
37 585 8
37 661 3
37 688 9
37 902 10
37 934 6
37 942 6
37 971 2
38 112 7
38 136 9
38 185 6
38 317 9
38 335 7
38 361 10
38 411 1
38 421 9
38 469 6
38 555 10
38 597 9
38 694 1
38 718 8
38 728 8
38 755 10
38 881 7
38 897 4
38 913 5
38 955 8
38 994 4
39 41 8
39 67 3
39 205 8
39 225 2
39 273 10
39 279 10
39 308 2
39 315 8
39 360 5
39 373 8
39 418 10
39 572 10
39 578 5
39 619 8
39 622 2
39 664 5
39 676 9
39 694 3
39 776 9
39 803 2
39 854 1
39 870 5
39 933 7
39 953 6
40 86 6
40 149 8
40 172 9
40 366 7
40 379 10
40 383 9
40 451 6
40 538 8
40 558 3
40 603 6
40 630 10
40 637 2
40 646 9
40 765 8
40 794 9
40 798 5
40 807 5
40 840 2
40 897 6
40 988 4
41 50 9
41 130 8
41 211 3
41 245 2
41 265 1
41 273 3
41 362 7
41 469 7
41 518 10
41 551 2
41 601 10
41 621 6
41 635 2
41 660 4
41 687 2
41 750 3
41 764 6
41 897 10
41 961 3
41 964 8
41 981 1
42 44 8
42 62 4
42 111 5
42 143 2
42 160 8
42 406 5
42 411 9
42 469 7
42 542 5
42 558 6
42 582 8
42 607 2
42 609 6
42 771 3
42 775 3
42 791 7
42 892 10
42 935 10
42 939 5
43 115 2
43 127 6
43 129 5
43 154 9
43 202 10
43 230 6
43 254 5
43 268 6
43 270 5
43 366 2
43 406 1
43 608 2
43 684 1
43 779 1
43 828 7
43 878 8
43 941 10
43 958 10
43 970 4
44 102 7
44 166 6
44 184 2
44 257 2
44 364 4
44 382 1
44 397 10
44 417 7
44 440 10
44 448 1
44 535 4
44 536 1
44 567 9
44 576 1
44 631 10
44 691 4
44 711 8
44 713 7
44 751 2
44 814 7
44 969 1
45 47 9
45 75 5
45 189 3
45 203 7
45 310 5
45 393 2
45 575 1
45 584 1
45 616 9
45 680 4
45 718 3
45 766 1
45 845 2
45 888 8
45 896 10
45 986 10
46 51 1
46 109 2
46 294 1
46 383 3
46 456 10
46 467 4
46 475 1
46 477 10
46 537 8
46 580 5
46 594 5
46 620 9
46 708 8
46 750 3
46 782 1
46 806 6
47 52 9
47 120 7
47 121 2
47 209 5
47 229 6
47 244 10
47 264 5
47 296 2
47 387 9
47 450 1
47 453 6
47 456 5
47 557 6
47 612 5
47 613 9
47 632 5
47 636 6
47 649 2
47 841 6
47 938 9
47 953 9
48 70 3
48 131 5
48 183 7
48 200 3
48 203 8
48 307 1
48 390 9
48 394 1
48 401 6
48 465 3
48 511 6
48 576 10
48 627 1
48 689 1
48 693 2
48 697 9
48 715 9
48 740 5
48 796 5
48 823 5
48 838 5
48 854 8
48 955 3
49 137 10
49 140 5
49 142 8
49 159 9
49 192 10
49 214 6
49 221 3
49 258 10
49 268 7
49 362 2
49 382 1
49 531 1
49 710 7
49 747 7
50 78 2
50 93 2
50 137 4
50 185 4
50 205 2
50 221 1
50 252 8
50 270 10
50 333 6
50 376 7
50 434 2
50 471 9
50 472 1
50 485 3
50 491 8
50 517 9
50 518 7
50 583 5
50 603 8
50 604 2
50 658 5
50 672 6
50 742 8
50 762 1
50 785 5
50 799 4
50 865 4
50 918 3
50 987 1
51 114 8
51 170 9
51 197 6
51 251 1
51 434 8
51 454 2
51 566 10
51 590 2
51 600 6
51 613 10
51 625 3
51 627 10
51 635 4
51 640 10
51 680 6
51 724 6
51 834 7
51 868 5
51 884 9
52 80 1
52 135 7
52 167 10
52 200 2
52 220 9
52 226 8
52 327 10
52 365 2
52 394 1
52 537 5
52 586 9
52 603 10
52 652 3
52 686 5
52 705 3
52 730 9
52 748 1
52 861 4
52 893 10
52 899 8
52 924 1
52 946 4
52 950 6
53 63 9
53 82 9
53 173 2
53 192 9
53 279 4
53 293 4
53 315 5
53 331 8
53 338 2
53 349 8
53 411 4
53 530 4
53 673 7
53 684 3
53 801 5
53 833 6
53 873 4
53 920 10
53 943 8
53 955 10
53 993 1
54 87 6
54 113 9
54 114 9
54 126 10
54 206 8
54 301 10
54 304 2
54 335 4
54 375 5
54 397 10
54 416 9
54 492 7
54 533 3
54 571 5
54 577 6
54 699 7
54 707 8
54 736 4
54 869 8
54 877 9
54 924 5
54 998 6
55 65 5
55 68 1
55 156 3
55 169 8
55 171 4
55 222 9
55 318 3
55 330 4
55 333 9
55 405 2
55 431 2
55 444 10
55 470 7
55 477 10
55 493 10
55 617 8
55 673 10
55 687 8
55 693 10
55 735 8
55 751 4
55 777 1
55 786 1
55 789 8
55 866 2
55 910 9
56 86 9
56 128 1
56 156 2
56 193 8
56 293 3
56 332 5
56 346 10
56 351 3
56 437 5
56 562 5
56 626 2
56 667 4
56 720 8
56 746 3
56 807 1
56 871 4
56 928 2
56 983 10
56 985 1
57 66 7
57 146 4
57 162 3
57 198 4
57 230 2
57 310 7
57 354 2
57 428 3
57 439 4
57 447 9
57 490 1
57 510 7
57 615 10
57 644 8
57 660 4
57 682 4
57 721 3
57 747 10
57 780 7
57 855 2
57 895 8
57 948 8
58 190 4
58 210 9
58 257 4
58 294 9
58 305 2
58 373 10
58 484 10
58 495 3
58 500 5
58 502 8
58 545 6
58 556 4
58 558 10
58 582 1
58 655 3
58 750 4
58 773 3
58 887 9
58 955 4
59 72 6
59 102 6
59 194 9
59 484 1
59 587 10
59 588 6
59 651 2
59 675 5
59 820 4
59 836 6
59 845 9
59 921 7
59 926 4
59 942 7
60 89 4
60 102 8
60 117 7
60 166 4
60 235 2
60 257 6
60 270 1
60 282 9
60 305 2
60 403 9
60 454 8
60 504 4
60 650 3
60 696 7
60 720 6
60 786 2
60 813 8
60 852 9
60 939 6
60 964 6
60 968 5
61 63 1
61 117 10
61 125 9
61 202 10
61 235 10
61 341 3
61 411 1
61 449 1
61 490 3
61 608 3
61 680 5
61 713 7
61 738 7
61 778 6
61 783 8
61 830 1
61 850 6
61 864 2
61 900 9
62 96 10
62 97 10
62 103 6
62 123 7
62 217 2
62 221 2
62 222 10
62 246 1
62 257 7
62 266 8
62 340 3
62 342 9
62 363 9
62 437 3
62 474 6
62 507 1
62 580 6
62 586 8
62 672 7
62 677 5
62 773 10
62 827 10
62 951 6
62 953 8
62 957 3
62 997 9
63 141 4
63 296 10
63 430 4
63 484 10
63 498 10
63 513 10
63 692 5
63 730 3
63 762 4
63 915 9
63 933 5
63 960 2
63 974 2
64 328 2
64 330 8
64 361 5
64 414 5
64 541 2
64 583 2
64 607 8
64 671 10
64 672 4
64 679 1
64 716 8
64 743 1
64 789 4
64 916 7
64 936 4
64 958 6
64 987 8
65 124 3
65 154 9
65 176 1
65 199 8
65 309 7
65 417 9
65 456 8
65 641 2
65 722 1
65 748 4
65 833 8
65 846 3
65 879 9
65 925 5
66 105 10
66 272 5
66 335 9
66 343 5
66 355 5
66 398 4
66 486 4
66 500 8
66 645 5
66 667 6
66 773 2
66 776 2
66 780 7
66 905 8
66 922 10
66 945 3
66 996 2
67 97 2
67 160 1
67 215 4
67 318 7
67 353 4
67 365 3
67 451 10
67 463 7
67 499 2
67 536 10
67 598 4
67 732 8
67 803 6
67 867 10
67 884 2
67 947 7
67 948 1
67 955 3
67 964 7
67 970 3
67 971 4
68 91 5
68 162 6
68 167 9
68 184 9
68 226 1
68 258 7
68 320 8
68 336 10
68 410 4
68 420 2
68 421 7
68 430 2
68 521 1
68 543 4
68 644 10
68 686 3
68 745 8
68 754 6
68 817 1
68 849 1
68 996 10
69 83 8
69 141 1
69 249 1
69 251 1
69 271 6
69 285 1
69 307 7
69 371 10
69 378 6
69 391 5
69 404 10
69 543 4
69 579 10
69 640 3
69 736 5
69 783 2
69 804 8
69 823 4
69 891 7
69 972 10
70 97 9
70 123 2
70 209 9
70 294 1
70 376 8
70 388 9
70 459 6
70 466 4
70 517 1
70 534 2
70 626 9
70 654 3
70 800 6
70 858 10
70 986 2
71 91 9
71 122 7
71 129 8
71 136 3
71 153 10
71 232 10
71 301 8
71 318 9
71 341 9
71 400 1
71 646 2
71 693 3
71 721 10
71 729 3
71 857 7
71 889 4
71 922 7
71 943 8
72 119 7
72 122 1
72 133 3
72 135 9
72 375 1
72 424 10
72 439 2
72 545 4
72 634 9
72 696 3
72 718 9
72 728 4
72 790 9
72 802 4
72 895 7
72 934 9
72 965 2
72 985 7
73 136 1
73 161 6
73 167 6
73 355 3
73 388 10
73 455 6
73 486 2
73 557 3
73 588 3
73 596 4
73 612 10
73 640 7
73 677 6
73 692 8
73 718 6
73 760 5
73 817 10
73 838 4
73 859 4
73 868 7
73 914 1
73 931 1
73 946 8
73 949 1
73 967 8
74 143 3
74 144 6
74 145 9
74 182 1
74 218 3
74 299 8
74 380 2
74 480 2
74 506 5
74 530 10
74 623 4
74 650 10
74 674 2
74 694 5
74 712 6
74 772 7
74 868 8
74 917 7
75 135 1
75 155 4
75 195 7
75 229 2
75 249 10
75 365 5
75 419 5
75 463 1
75 470 3
75 550 1
75 748 4
75 803 8
75 821 3
75 955 9
76 147 5
76 149 6
76 163 1
76 369 10
76 390 3
76 426 4
76 449 5
76 528 2
76 540 7
76 543 7
76 610 1
76 695 2
76 798 3
76 805 4
76 944 5
77 119 9
77 156 6
77 255 7
77 277 5
77 329 8
77 342 7
77 409 10
77 453 9
77 466 10
77 501 5
77 566 5
77 653 1
77 654 2
77 686 9
77 782 8
77 811 1
77 821 3
77 851 6
77 891 1
77 895 9
77 899 9
77 924 3
77 931 4
77 960 2
77 968 4
78 99 5
78 101 7
78 159 7
78 209 7
78 277 3
78 297 2
78 302 6
78 485 1
78 646 7
78 726 7
78 790 3
78 812 2
78 896 10
79 118 10
79 121 4
79 169 5
79 234 5
79 262 7
79 331 1
79 344 5
79 611 6
79 673 6
79 732 10
79 791 7
79 894 10
79 931 9
79 936 7
79 941 3
79 957 4
79 971 3
80 170 7
80 173 5
80 174 2
80 227 6
80 256 8
80 313 8
80 437 4
80 461 8
80 519 10
80 587 3
80 638 1
80 720 9
80 750 7
80 753 8
80 832 7
80 838 4
80 870 3
80 872 6
80 895 9
80 901 10
80 914 8
80 977 7
80 978 2
81 121 5
81 195 3
81 239 4
81 274 4
81 375 3
81 414 4
81 433 2
81 570 5
81 604 5
81 655 10
81 705 1
81 733 1
81 741 10
81 772 1
81 818 8
81 850 4
81 890 3
81 956 1
82 140 7
82 387 7
82 470 7
82 472 8
82 544 4
82 595 8
82 598 7
82 686 6
82 703 9
82 746 10
82 749 2
82 781 3
82 825 2
82 888 9
82 947 6
82 966 7
82 977 9
83 297 9
83 302 4
83 332 6
83 346 10
83 392 7
83 405 5
83 530 10
83 549 2
83 571 9
83 683 10
83 740 10
83 772 1
83 795 5
83 813 9
83 865 7
83 889 6
83 918 8
83 919 4
83 976 5
83 987 3
83 990 6
84 97 1
84 121 8
84 289 10
84 362 7
84 365 10
84 385 4
84 405 8
84 412 3
84 413 5
84 420 8
84 429 6
84 551 2
84 580 10
84 782 9
84 785 7
84 951 1
84 953 6
84 990 3
85 145 9
85 216 1
85 220 1
85 266 9
85 280 6
85 384 8
85 433 4
85 447 2
85 482 3
85 523 3
85 624 10
85 663 10
85 731 2
85 752 8
85 764 9
85 777 4
85 810 4
85 894 3
85 940 6
85 970 5
85 982 10
85 999 1
86 199 3
86 217 3
86 244 1
86 310 9
86 324 1
86 331 3
86 365 9
86 372 9
86 376 3
86 390 6
86 598 1
86 611 6
86 664 7
86 672 8
86 713 5
86 720 2
86 852 1
86 863 1
86 991 2
87 202 2
87 212 9
87 299 10
87 323 10
87 356 7
87 378 3
87 383 7
87 389 5
87 430 2
87 450 2
87 458 1
87 530 2
87 607 5
87 635 6
87 694 6
87 704 7
87 754 4
87 759 8
87 819 6
87 924 3
88 124 7
88 190 7
88 261 10
88 266 1
88 376 8
88 497 2
88 513 9
88 514 10
88 541 2
88 547 2
88 549 9
88 581 7
88 608 10
88 660 5
88 694 3
88 788 5
88 864 2
88 976 4
89 159 5
89 171 9
89 254 1
89 365 3
89 372 10
89 448 8
89 465 9
89 474 3
89 555 2
89 576 7
89 615 7
89 620 10
89 621 3
89 671 9
89 680 10
89 789 9
89 847 3
89 909 8
89 912 8
89 924 2
89 967 10
89 994 7
90 153 10
90 271 3
90 373 5
90 494 2
90 669 2
90 832 4
90 850 8
90 913 1
91 216 10
91 263 5
91 668 2
91 690 6
91 723 9
91 763 9
91 833 10
91 925 5
92 125 7
92 226 1
92 269 8
92 400 4
92 418 1
92 486 10
92 495 5
92 562 7
92 568 1
92 592 10
92 628 8
92 641 3
92 726 2
92 796 8
92 804 4
92 824 1
92 846 6
92 859 3
93 159 3
93 227 5
93 293 4
93 298 3
93 506 10
93 526 1
93 651 9
93 886 8
94 126 7
94 129 10
94 131 8
94 169 4
94 200 4
94 258 10
94 402 3
94 477 6
94 628 8
94 754 6
94 759 10
94 784 10
94 819 2
94 821 7
94 939 6
95 104 10
95 197 9
95 215 4
95 266 2
95 272 1
95 431 5
95 525 10
95 573 5
95 632 9
95 635 3
95 685 9
95 691 10
95 794 3
95 845 4
96 115 5
96 116 1
96 121 1
96 127 10
96 141 1
96 147 10
96 177 6
96 294 8
96 348 3
96 350 2
96 353 6
96 499 10
96 724 8
96 745 7
96 785 9
96 800 3
96 902 6
97 141 5
97 247 1
97 251 9
97 256 6
97 297 5
97 324 5
97 360 3
97 417 9
97 502 6
97 511 8
97 520 10
97 533 4
97 684 4
97 750 1
97 819 10
97 848 9
97 863 6
97 901 10
97 956 10
97 981 3
98 103 8
98 129 10
98 190 2
98 404 5
98 456 7
98 463 5
98 774 1
98 782 8
98 794 2
98 882 3
98 896 7
98 908 3
98 919 3
98 950 1
98 976 2
98 990 1
99 144 5
99 151 7
99 177 2
99 537 4
99 559 7
99 567 8
99 598 7
99 741 2
99 833 10
99 857 2
99 896 10
99 919 8
99 995 4
100 143 2
100 146 3
100 177 2
100 204 4
100 321 3
100 453 3
100 521 8
100 643 2
100 719 3
100 784 10
100 806 8
100 855 2
100 856 1
100 870 2
100 903 5
100 926 8
100 949 1
100 993 3
101 325 6
101 350 3
101 365 5
101 454 4
101 460 10
101 470 9
101 543 9
101 693 10
101 694 1
101 784 7
101 788 6
101 845 9
101 863 2
101 885 5
101 932 7
101 993 4
102 364 5
102 406 6
102 440 2
102 478 3
102 491 3
102 509 10
102 745 9
102 751 4
102 780 4
102 782 7
102 878 1
102 940 5
103 111 7
103 200 5
103 262 7
103 378 8
103 554 9
103 565 1
103 567 9
103 733 2
103 734 9
103 817 9
103 889 4
103 949 9
103 971 6
104 122 4
104 124 6
104 142 8
104 146 10
104 212 3
104 245 4
104 406 8
104 614 4
104 636 2
104 638 6
104 643 3
104 656 10
104 706 4
104 753 8
104 754 3
104 757 5
104 856 1
104 881 9
104 918 1
104 967 6
104 994 8
105 106 7
105 172 1
105 175 7
105 238 4
105 275 6
105 305 7
105 361 2
105 364 5
105 444 1
105 611 1
105 613 2
105 704 2
105 770 10
105 897 8
105 907 8
105 918 4
105 984 6
106 156 6
106 226 2
106 232 6
106 289 4
106 313 8
106 316 5
106 377 4
106 443 1
106 574 5
106 576 9
106 596 6
106 740 2
106 792 8
106 892 10
106 910 9
106 922 7
107 209 8
107 273 1
107 282 2
107 283 8
107 299 3
107 405 10
107 409 7
107 412 9
107 457 1
107 464 8
107 500 6
107 514 8
107 547 5
107 613 6
107 676 2
107 705 8
107 742 8
107 767 7
107 769 6
107 788 9
107 808 6
107 895 4
107 928 2
107 950 9
107 980 1
108 152 2
108 165 3
108 221 9
108 252 3
108 272 1
108 281 1
108 289 5
108 482 3
108 485 9
108 527 1
108 529 6
108 544 7
108 621 1
108 711 5
108 770 2
108 936 5
109 136 6
109 169 10
109 203 9
109 239 5
109 293 2
109 345 3
109 360 5
109 397 1
109 561 7
109 652 3
109 696 4
109 774 6
109 793 9
109 918 5
109 935 9
109 983 4
109 990 4
110 174 3
110 175 5
110 287 5
110 337 7
110 391 9
110 399 5
110 507 5
110 535 4
110 588 8
110 597 9
110 600 2
110 630 3
110 726 5
110 744 10
110 843 2
110 879 10
110 881 4
110 979 10
111 126 3
111 133 1
111 157 9
111 174 4
111 193 4
111 235 9
111 288 2
111 290 9
111 296 10
111 317 8
111 323 6
111 418 9
111 480 5
111 591 2
111 678 6
111 782 9
111 788 10
111 816 5
111 838 1
111 871 4
111 888 8
111 928 8
111 954 7
111 966 5
111 971 6
112 144 10
112 153 4
112 210 4
112 249 4
112 318 8
112 360 8
112 385 3
112 402 3
112 458 8
112 482 8
112 501 3
112 504 1
112 520 2
112 592 10
112 636 8
112 780 3
112 808 6
112 913 9
113 148 2
113 186 4
113 218 3
113 221 9
113 230 3
113 399 3
113 467 7
113 484 5
113 707 8
113 718 10
113 735 2
113 804 10
113 816 4
113 828 8
113 844 2
113 885 4
113 903 2
113 924 5
113 975 6
113 983 3
114 158 7
114 171 5
114 181 9
114 205 3
114 269 8
114 270 5
114 281 5
114 294 10
114 365 4
114 372 3
114 441 2
114 476 9
114 519 6
114 565 2
114 574 10
114 609 8
114 618 7
114 686 6
114 709 2
114 788 7
114 798 2
114 803 3
114 809 6
114 841 8
114 879 10
114 955 6
114 976 3
115 127 1
115 193 10
115 235 9
115 325 3
115 335 3
115 358 4
115 443 5
115 473 7
115 521 6
115 522 1
115 590 6
115 635 10
115 644 1
115 734 10
115 748 2
115 752 8
115 777 7
115 844 2
115 859 2
115 869 9
115 921 2
116 123 4
116 143 2
116 159 7
116 168 8
116 203 7
116 215 10
116 446 9
116 482 9
116 492 2
116 520 2
116 535 7
116 538 1
116 558 4
116 607 1
116 697 4
116 755 10
116 794 5
116 806 7
116 832 10
116 849 9
116 857 8
116 867 1
117 228 9
117 292 7
117 356 8
117 379 1
117 390 4
117 438 8
117 466 5
117 469 2
117 527 6
117 572 9
117 652 8
117 686 8
117 751 4
117 777 2
117 839 1
117 845 4
117 903 8
117 936 9
117 986 4
118 120 2
118 392 2
118 401 9
118 434 2
118 497 1
118 533 8
118 545 3
118 549 2
118 558 3
118 563 3
118 601 6
118 628 3
118 699 3
118 770 3
118 794 8
118 849 2
118 899 2
118 975 2
119 170 3
119 272 8
119 274 2
119 326 4
119 329 3
119 402 1
119 412 10
119 430 5
119 514 5
119 562 8
119 634 5
119 650 10
119 667 9
119 830 6
119 848 3
119 855 5
119 882 7
119 937 5
119 962 3
119 988 9
120 127 6
120 152 4
120 177 10
120 227 8
120 448 8
120 513 2
120 577 1
120 664 2
120 689 2
120 693 2
120 764 5
120 831 4
120 858 7
120 921 1
120 957 7
120 969 4
121 150 1
121 242 6
121 297 8
121 311 3
121 381 2
121 428 2
121 433 10
121 459 4
121 461 1
121 548 8
121 644 10
121 652 8
121 670 6
121 727 4
121 844 6
121 861 3
121 910 6
121 996 10
122 321 10
122 364 5
122 383 4
122 397 8
122 407 9
122 418 4
122 433 2
122 467 6
122 552 3
122 572 4
122 576 1
122 620 6
122 663 7
122 665 7
122 674 9
122 696 9
122 853 8
122 894 10
122 922 9
123 221 10
123 277 10
123 377 3
123 386 6
123 435 3
123 521 9
123 523 4
123 525 10
123 547 1
123 569 1
123 620 2
123 622 5
123 670 9
123 684 2
123 746 4
123 844 1
123 846 7
123 850 1
123 862 7
123 925 10
123 927 7
123 962 7
124 198 2
124 215 8
124 231 9
124 285 9
124 310 3
124 321 10
124 391 10
124 408 2
124 556 1
124 571 8
124 579 4
124 616 6
124 680 5
124 687 3
124 694 1
124 740 1
124 791 8
124 799 5
124 831 3
124 873 9
125 195 2
125 210 4
125 218 2
125 235 7
125 260 6
125 265 10
125 266 9
125 317 3
125 395 1
125 476 1
125 482 9
125 532 3
125 622 4
125 800 5
125 847 1
125 881 7
125 916 9
125 989 2
126 129 10
126 223 8
126 258 10
126 273 1
126 299 9
126 305 4
126 340 3
126 371 9
126 405 5
126 433 8
126 458 3
126 479 4
126 508 7
126 516 10
126 526 10
126 610 10
126 671 10
126 717 2
126 731 8
126 799 4
126 876 6
126 909 5
126 984 6
126 988 8
127 142 7
127 208 6
127 239 7
127 253 7
127 365 1
127 422 2
127 443 3
127 459 9
127 470 10
127 541 3
127 553 3
127 564 4
127 572 2
127 675 7
127 707 9
127 751 7
127 830 9
127 852 10
127 869 7
127 870 2
127 893 8
127 900 7
127 919 8
128 133 4
128 157 2
128 286 8
128 341 5
128 345 9
128 372 5
128 373 6
128 553 1
128 604 3
128 630 3
128 642 6
128 818 3
128 979 2
129 132 10
129 143 8
129 312 9
129 375 4
129 408 2
129 435 8
129 505 3
129 593 3
129 611 10
129 679 1
129 688 2
129 765 3
129 929 3
130 183 3
130 241 8
130 259 3
130 317 3
130 345 1
130 369 9
130 370 2
130 478 8
130 491 10
130 506 1
130 540 5
130 548 1
130 609 8
130 617 2
130 658 2
130 728 3
130 736 10
130 847 7
130 924 9
130 929 3
131 178 1
131 181 5
131 213 7
131 228 8
131 396 5
131 414 10
131 428 8
131 605 2
131 659 9
131 668 4
131 753 8
131 794 8
131 870 9
131 909 5
131 961 4
132 157 6
132 221 1
132 275 4
132 298 4
132 325 9
132 383 5
132 448 5
132 567 3
132 595 4
132 662 9
132 699 5
132 738 6
132 842 8
132 862 5
132 881 9
132 904 2
132 934 3
132 960 9
133 139 6
133 156 1
133 245 1
133 252 4
133 279 3
133 356 10
133 435 10
133 473 9
133 523 6
133 527 9
133 539 1
133 600 1
133 646 3
133 648 6
133 664 4
133 725 6
133 737 1
133 794 2
133 805 8
133 886 10
133 931 10
133 961 9
133 990 6
134 144 8
134 166 10
134 184 10
134 298 10
134 302 10
134 408 1
134 460 2
134 511 1
134 512 9
134 523 3
134 544 5
134 573 10
134 578 1
134 629 9
134 658 9
134 685 7
134 744 2
134 746 4
134 775 1
134 785 7
134 883 10
135 138 1
135 154 1
135 158 4
135 198 9
135 235 8
135 260 8
135 425 7
135 438 4
135 564 9
135 949 2
136 167 9
136 186 1
136 264 4
136 363 10
136 371 8
136 440 10
136 449 2
136 490 9
136 575 6
136 581 5
136 705 3
136 707 10
136 728 7
136 741 3
136 742 3
136 749 3
136 750 3
136 755 9
136 759 3
136 771 6
136 784 5
136 813 4
136 836 2
136 839 7
136 889 6
136 895 4
136 974 6
136 980 4
137 201 2
137 211 1
137 228 1
137 266 2
137 275 2
137 351 2
137 444 9
137 475 4
137 490 4
137 532 7
137 554 9
137 673 3
137 676 1
137 701 3
137 726 7
137 736 9
137 742 2
137 824 5
137 836 5
137 888 1
137 903 2
137 909 7
137 912 7
137 915 10
137 956 1
138 181 3
138 257 8
138 258 9
138 368 5
138 376 3
138 377 7
138 386 8
138 560 3
138 641 6
138 664 4
138 684 10
138 716 3
138 732 2
138 752 4
138 867 5
138 952 2
138 998 3
139 151 9
139 190 8
139 235 2
139 291 3
139 348 4
139 457 10
139 484 10
139 530 2
139 587 4
139 601 10
139 649 4
139 692 5
139 701 9
139 774 10
139 952 1
139 979 7
140 149 3
140 158 8
140 162 9
140 220 10
140 234 2
140 243 1
140 258 1
140 283 3
140 293 9
140 423 1
140 449 10
140 506 5
140 577 2
140 826 4
140 839 8
140 863 6
140 901 2
140 960 6
141 221 8
141 265 10
141 284 2
141 294 8
141 301 1
141 303 9
141 310 9
141 339 9
141 397 1
141 415 2
141 422 9
141 434 3
141 535 1
141 570 10
141 573 9
141 591 5
141 599 2
141 606 3
141 630 8
141 637 9
141 735 1
141 745 7
141 796 4
141 865 10
141 897 7
141 912 3
141 959 3
142 159 5
142 256 2
142 289 8
142 449 7
142 484 2
142 513 8
142 564 4
142 566 4
142 607 5
142 764 9
142 776 8
142 868 4
142 899 6
142 931 5
142 932 3
142 942 8
143 150 7
143 182 4
143 219 6
143 365 4
143 388 1
143 416 5
143 463 10
143 541 7
143 547 8
143 576 9
143 582 2
143 646 1
143 782 7
143 799 4
143 943 6
143 994 7
144 181 5
144 203 4
144 254 4
144 333 6
144 352 2
144 367 7
144 384 2
144 398 3
144 494 10
144 497 3
144 538 9
144 542 9
144 563 10
144 614 2
144 623 10
144 641 9
144 644 7
144 686 1
144 792 1
144 821 4
144 824 2
144 836 3
144 839 8
144 950 10
144 967 7
145 177 10
145 255 2
145 394 4
145 445 3
145 463 6
145 507 10
145 510 3
145 582 6
145 640 7
145 649 2
145 668 4
145 718 2
145 721 10
145 762 7
145 768 8
145 863 7
145 867 2
145 949 9
145 962 6
146 187 8
146 193 6
146 219 5
146 221 2
146 242 5
146 277 7
146 292 10
146 357 2
146 367 9
146 494 5
146 626 5
146 671 7
146 711 6
146 734 1
146 807 2
146 845 5
146 856 8
146 970 4
146 971 3
147 160 10
147 178 5
147 184 7
147 190 8
147 228 8
147 283 10
147 316 2
147 369 3
147 411 7
147 421 7
147 424 3
147 513 3
147 523 1
147 540 9
147 542 2
147 546 2
147 607 8
147 698 9
147 726 7
147 747 10
147 794 8
147 843 2
147 877 2
147 910 2
147 948 7
147 959 7
147 962 7
147 988 3
148 197 2
148 228 4
148 304 9
148 460 8
148 466 1
148 653 10
148 672 6
148 709 3
148 825 3
148 837 3
148 856 6
149 223 7
149 245 8
149 409 7
149 418 8
149 453 6
149 469 3
149 490 3
149 501 9
149 618 7
149 635 4
149 647 6
149 658 2
149 784 9
149 793 4
149 802 1
149 997 5
150 224 9
150 257 4
150 273 3
150 319 3
150 343 5
150 347 10
150 470 6
150 545 9
150 688 5
150 689 5
150 766 8
150 944 1
150 946 3
150 971 2
151 162 2
151 182 2
151 243 2
151 251 8
151 343 8
151 372 4
151 416 10
151 561 6
151 588 2
151 610 9
151 624 10
151 786 1
151 799 9
151 913 4
151 952 2
151 969 10
152 167 8
152 213 5
152 219 8
152 263 9
152 270 1
152 313 9
152 364 8
152 506 6
152 533 7
152 723 5
152 894 1
152 993 2
153 184 7
153 198 7
153 242 9
153 399 8
153 550 9
153 614 1
153 630 2
153 631 1
153 634 9
153 695 2
153 728 6
153 965 4
153 985 8
154 177 4
154 183 4
154 218 2
154 221 10
154 228 10
154 263 10
154 310 5
154 328 8
154 366 8
154 509 7
154 530 1
154 535 5
154 562 2
154 630 4
154 644 4
154 686 2
154 826 8
154 854 9
155 166 6
155 203 9
155 217 10
155 219 7
155 414 4
155 473 5
155 529 2
155 558 4
155 632 6
155 736 6
155 800 9
155 879 4
155 882 7
155 896 5
156 178 1
156 200 5
156 214 4
156 234 3
156 275 8
156 318 2
156 330 9
156 378 8
156 408 4
156 431 1
156 459 3
156 657 5
156 670 10
156 703 1
156 708 6
156 790 9
156 835 5
156 916 10
156 936 10
156 954 5
156 990 5
157 162 2
157 306 5
157 389 2
157 394 4
157 493 10
157 543 7
157 587 3
157 594 4
157 645 6
157 655 10
157 700 2
157 746 7
157 747 9
158 190 9
158 205 5
158 218 4
158 245 6
158 260 7
158 285 1
158 298 4
158 304 3
158 330 5
158 477 1
158 517 7
158 660 7
158 663 4
158 708 8
158 733 9
158 755 9
158 812 2
158 860 4
158 949 4
158 973 10
158 979 4
159 214 5
159 229 4
159 233 8
159 251 10
159 275 8
159 327 3
159 371 4
159 377 1
159 424 2
159 498 9
159 598 9
159 684 7
159 772 5
159 780 6
159 840 1
159 862 7
159 873 9
159 934 1
159 950 2
160 238 5
160 275 9
160 369 9
160 388 5
160 502 3
160 553 8
160 627 1
160 632 2
160 678 8
160 682 7
160 699 9
160 702 1
160 755 7
160 759 7
160 822 4
160 910 6
160 984 9
161 181 3
161 210 10
161 236 2
161 264 1
161 302 8
161 337 10
161 370 5
161 410 8
161 500 6
161 574 8
161 608 6
161 636 7
161 651 9
161 677 4
161 699 4
161 730 10
161 768 7
161 787 7
161 821 7
161 830 2
161 890 4
161 986 7
162 179 2
162 183 1
162 199 10
162 236 6
162 249 5
162 253 4
162 321 8
162 337 7
162 430 9
162 431 9
162 480 4
162 535 1
162 553 1
162 564 3
162 570 5
162 682 2
162 691 8
162 761 9
162 825 7
162 898 9
163 172 10
163 276 4
163 420 6
163 441 8
163 588 1
163 611 3
163 659 9
163 690 7
163 695 3
163 721 6
163 749 8
163 814 1
163 877 3
163 937 4
163 957 1
164 236 2
164 276 4
164 414 7
164 551 10
164 593 2
164 769 7
164 806 10
164 817 8
164 948 2
164 955 9
164 970 10
164 978 1
164 988 5
165 230 9
165 232 8
165 234 9
165 335 7
165 356 1
165 361 10
165 388 10
165 398 5
165 433 3
165 505 5
165 509 5
165 522 5
165 600 1
165 709 2
165 776 1
165 790 10
165 794 1
165 872 9
165 878 2
166 208 6
166 217 9
166 279 2
166 287 4
166 359 6
166 364 10
166 434 9
166 564 5
166 577 3
166 659 9
166 684 9
166 755 5
166 767 8
166 793 10
166 868 7
166 894 9
166 933 5
167 186 9
167 205 10
167 234 10
167 306 8
167 352 1
167 365 10
167 410 7
167 459 10
167 461 10
167 471 7
167 490 9
167 668 8
167 739 7
167 758 9
167 792 10
167 800 4
167 808 4
167 817 3
167 918 2
167 928 4
167 944 7
168 286 7
168 334 2
168 389 1
168 418 5
168 482 9
168 500 5
168 523 5
168 531 1
168 622 9
168 647 8
168 650 9
168 693 9
168 779 9
168 821 5
169 271 4
169 408 6
169 468 6
169 503 7
169 561 4
169 672 3
169 698 1
169 724 6
169 729 3
169 751 2
169 807 6
169 832 10
169 880 1
169 881 10
169 916 8
169 937 9
170 223 4
170 224 7
170 254 2
170 441 2
170 489 6
170 547 3
170 589 5
170 659 10
170 710 3
170 711 8
170 751 4
170 834 4
170 844 5
171 202 10
171 224 2
171 316 5
171 370 7
171 375 10
171 377 2
171 388 3
171 415 10
171 417 9
171 434 5
171 456 7
171 530 1
171 536 9
171 612 10
171 642 3
171 688 8
171 722 6
171 969 3
171 973 6
171 975 7
172 234 10
172 307 1
172 396 5
172 421 1
172 469 5
172 518 8
172 523 7
172 529 7
172 536 5
172 567 2
172 597 9
172 627 10
172 635 9
172 639 5
172 653 5
172 730 8
172 737 1
172 766 10
172 798 4
172 981 3
172 984 5
172 993 5
172 999 5
173 207 1
173 218 9
173 290 1
173 312 8
173 442 3
173 449 6
173 520 4
173 566 9
173 581 10
173 583 8
173 609 4
173 614 3
173 660 10
173 679 5
173 700 4
173 758 10
173 799 5
173 829 3
173 855 5
173 872 10
173 966 7
173 994 6
174 181 10
174 205 8
174 256 6
174 507 4
174 601 1
174 694 6
174 695 8
174 711 5
174 991 5
175 268 3
175 304 9
175 411 8
175 427 10
175 461 6
175 523 5
175 545 4
175 563 7
175 608 6
175 690 7
175 695 2
175 911 10
175 997 2
176 198 4
176 317 3
176 323 7
176 394 6
176 480 10
176 522 3
176 654 5
176 736 5
176 739 8
176 753 2
176 755 3
176 972 6
176 998 4
177 220 1
177 378 7
177 392 7
177 534 10
177 542 7
177 552 7
177 663 2
177 772 2
177 804 10
177 848 6
177 865 7
177 876 5
177 905 8
177 939 1
177 945 2
177 967 1
177 986 6
178 194 2
178 219 5
178 221 8
178 258 2
178 310 6
178 402 3
178 408 6
178 486 7
178 519 5
178 541 4
178 552 7
178 640 6
178 738 9
178 759 1
178 767 6
178 852 1
178 969 7
178 974 6
179 283 6
179 368 7
179 450 1
179 517 9
179 597 1
179 603 10
179 656 2
179 660 1
179 669 1
179 809 6
179 810 4
179 825 8
179 830 3
179 937 9
180 232 4
180 259 7
180 338 10
180 383 10
180 390 10
180 404 4
180 457 5
180 551 2
180 598 9
180 614 1
180 743 3
180 823 7
180 825 8
180 840 3
180 858 8
180 948 3
181 217 8
181 220 10
181 253 5
181 304 1
181 326 3
181 355 8
181 362 5
181 395 2
181 440 9
181 458 2
181 554 4
181 676 4
181 715 3
181 754 4
181 765 9
181 791 10
181 829 2
181 891 8
182 275 5
182 372 5
182 373 7
182 556 4
182 644 7
182 652 1
182 761 3
182 852 9
182 875 6
182 884 6
182 926 10
182 959 10
182 961 4
182 980 2
183 390 4
183 413 1
183 478 1
183 486 4
183 557 1
183 558 10
183 604 10
183 662 1
183 664 5
183 786 3
183 834 3
183 848 2
183 949 10
183 959 3
184 193 7
184 220 8
184 292 6
184 368 2
184 401 10
184 433 2
184 508 3
184 561 10
184 571 9
184 572 5
184 628 8
184 648 8
184 677 9
184 736 7
184 760 10
184 843 4
184 866 1
185 222 2
185 324 2
185 429 2
185 511 8
185 574 1
185 655 10
185 680 2
185 681 1
185 827 8
185 837 5
185 846 9
185 863 3
185 887 5
185 920 6
186 214 7
186 246 5
186 406 4
186 448 9
186 469 3
186 524 9
186 609 7
186 686 1
186 913 7
187 213 2
187 284 8
187 402 9
187 474 3
187 492 9
187 593 9
187 611 1
187 648 10
187 741 2
187 789 1
187 832 5
187 837 1
187 965 8
187 974 10
187 982 1
187 991 1
188 239 6
188 297 6
188 311 3
188 440 7
188 441 6
188 550 3
188 687 9
188 696 2
188 738 3
188 871 5
188 939 3
188 950 9
188 994 6
189 213 10
189 222 4
189 259 10
189 440 2
189 449 3
189 458 3
189 498 5
189 571 4
189 582 5
189 658 5
189 726 9
189 755 6
189 882 6
189 907 8
189 921 5
190 277 10
190 391 6
190 413 3
190 431 10
190 465 8
190 526 3
190 543 5
190 712 4
190 719 4
190 730 10
190 745 3
190 776 1
190 780 9
190 854 7
190 858 7
190 936 4
191 198 9
191 276 3
191 312 6
191 314 6
191 361 6
191 380 4
191 419 2
191 452 4
191 521 5
191 599 10
191 721 1
191 787 1
191 864 4
191 902 6
191 920 3
192 230 3
192 340 8
192 372 2
192 443 5
192 457 6
192 466 10
192 481 6
192 540 6
192 563 9
192 597 6
192 781 3
192 788 7
192 818 6
192 870 5
192 885 7
193 383 1
193 394 1
193 399 1
193 410 9
193 441 5
193 455 9
193 475 5
193 491 5
193 549 3
193 551 9
193 566 3
193 637 7
193 716 2
193 746 9
193 783 1
193 808 2
193 809 5
193 945 5
193 992 5
194 232 5
194 235 10
194 274 1
194 299 9
194 334 9
194 367 6
194 380 6
194 401 9
194 469 8
194 495 1
194 528 6
194 552 10
194 653 5
194 728 8
194 731 3
194 754 1
194 758 3
194 821 10
194 852 10
195 212 4
195 299 2
195 338 7
195 387 4
195 436 5
195 496 2
195 555 9
195 563 9
195 622 6
195 641 10
195 648 6
195 731 6
195 745 8
195 767 3
195 769 9
195 782 2
196 205 7
196 226 2
196 298 4
196 317 8
196 371 6
196 373 4
196 417 5
196 473 1
196 538 7
196 684 1
196 701 3
196 727 9
196 751 7
196 930 8
196 950 10
196 956 9
197 265 8
197 283 4
197 304 2
197 366 4
197 404 7
197 426 6
197 435 4
197 436 1
197 562 3
197 569 2
197 722 9
197 787 1
197 823 2
197 871 9
197 922 1
198 208 3
198 251 6
198 257 2
198 355 6
198 376 6
198 409 6
198 468 8
198 518 8
198 596 1
198 616 4
198 661 1
198 805 8
198 811 5
198 826 5
198 936 4
199 331 2
199 334 4
199 366 6
199 419 5
199 464 2
199 485 10
199 562 8
199 587 3
199 626 10
199 630 3
199 691 6
199 784 9
199 789 8
199 811 4
199 828 7
199 844 2
199 903 9
200 206 8
200 213 8
200 215 10
200 232 6
200 234 2
200 251 10
200 353 3
200 375 3
200 415 5
200 469 5
200 532 8
200 542 6
200 547 3
200 580 4
200 590 7
200 610 2
200 665 9
200 721 10
200 797 2
200 807 8
200 850 5
200 970 10
200 985 2
201 230 9
201 365 6
201 417 8
201 440 9
201 472 4
201 481 6
201 572 7
201 585 3
201 604 3
201 617 1
201 632 7
201 668 10
201 695 4
201 717 9
201 757 5
201 768 2
201 798 5
201 857 9
201 999 6
202 242 2
202 390 8
202 480 3
202 586 5
202 604 9
202 629 5
202 694 9
202 699 5
202 881 7
202 903 6
202 924 5
202 995 2
203 302 6
203 390 8
203 404 9
203 465 3
203 515 9
203 613 4
203 678 2
203 736 5
203 866 10
203 949 5
203 971 5
203 973 9
204 211 7
204 263 10
204 278 1
204 285 9
204 297 10
204 304 5
204 310 2
204 325 9
204 343 1
204 397 2
204 433 1
204 434 3
204 497 1
204 556 2
204 636 6
204 720 9
204 727 5
204 792 1
204 798 1
204 822 7
204 924 5
205 297 7
205 320 6
205 450 9
205 468 6
205 530 2
205 535 4
205 539 4
205 577 6
205 611 6
205 658 9
205 716 8
205 720 3
205 729 1
205 789 1
205 799 6
205 806 8
205 825 9
205 876 2
205 922 10
205 957 4
205 966 7
206 217 1
206 360 1
206 411 1
206 412 1
206 462 4
206 497 4
206 701 1
206 704 6
206 765 2
206 788 8
206 805 3
206 829 3
206 916 10
206 918 1
206 957 10
206 958 7
206 984 2
207 348 2
207 369 3
207 396 8
207 404 5
207 461 9
207 472 6
207 491 5
207 589 3
207 730 8
207 772 3
207 838 2
207 859 6
207 871 3
207 911 8
207 970 1
208 336 4
208 418 7
208 483 8
208 534 5
208 588 1
208 613 3
208 627 10
208 632 7
208 785 5
208 898 4
208 917 9
209 368 9
209 676 4
209 755 2
209 823 9
209 884 5
209 967 4
210 395 6
210 403 5
210 415 9
210 416 8
210 477 7
210 525 4
210 537 3
210 601 9
210 846 9
210 857 3
210 971 4
211 270 1
211 276 8
211 378 8
211 414 4
211 451 5
211 470 5
211 577 10
211 628 7
211 712 1
211 811 5
211 842 1
211 935 3
211 963 1
212 233 1
212 248 4
212 252 3
212 356 8
212 417 6
212 522 1
212 537 2
212 540 3
212 665 9
212 704 6
212 714 9
212 728 3
212 794 1
212 844 4
212 853 4
213 281 4
213 296 4
213 374 5
213 380 4
213 391 9
213 394 6
213 454 10
213 484 2
213 499 2
213 536 7
213 612 1
213 676 8
213 803 7
213 812 3
213 823 6
213 862 5
213 865 8
213 942 7
213 952 5
214 348 7
214 454 7
214 475 2
214 490 9
214 492 9
214 732 9
214 746 5
214 780 9
214 789 6
214 801 2
214 848 2
214 910 7
214 965 10
215 326 7
215 341 4
215 382 4
215 428 10
215 479 2
215 595 1
215 604 7
215 689 3
215 745 4
215 778 10
215 795 3
215 848 7
215 899 10
216 221 3
216 390 7
216 396 4
216 451 1
216 482 8
216 520 7
216 689 10
216 704 6
216 801 5
216 809 3
216 820 1
216 863 6
216 875 6
216 942 7
217 233 3
217 419 1
217 421 3
217 422 1
217 443 10
217 454 6
217 501 4
217 626 6
217 680 3
217 682 6
217 770 3
217 778 7
217 799 8
217 897 9
217 941 3
218 249 5
218 374 2
218 464 5
218 489 8
218 522 1
218 528 9
218 568 3
218 633 5
218 754 6
218 781 8
218 785 9
218 789 3
218 797 3
218 809 9
218 918 5
218 975 6
218 999 5
219 220 9
219 283 4
219 294 2
219 353 4
219 369 5
219 416 2
219 442 3
219 532 4
219 561 10
219 592 1
219 667 4
219 682 10
219 751 2
219 765 10
219 868 7
219 880 2
219 962 9
219 996 2
220 478 9
220 532 3
220 554 4
220 555 3
220 636 8
220 685 10
220 752 10
220 768 7
220 775 8
220 824 3
220 923 4
221 230 3
221 266 4
221 346 9
221 347 6
221 414 4
221 415 10
221 525 4
221 559 1
221 590 7
221 593 8
221 606 2
221 718 10
221 721 1
221 728 3
221 734 7
221 798 4
221 823 4
221 837 6
221 861 9
221 873 1
221 905 8
221 920 4
221 932 5
221 974 3
221 982 3
222 236 10
222 266 10
222 271 3
222 353 8
222 366 9
222 370 4
222 389 3
222 415 10
222 453 9
222 524 5
222 539 6
222 629 9
222 674 5
222 731 10
222 793 5
222 875 7
222 928 7
222 951 9
223 299 9
223 396 6
223 453 4
223 462 8
223 484 7
223 486 5
223 520 2
223 552 2
223 615 9
223 640 1
223 658 5
223 760 1
223 813 6
223 821 10
223 894 10
223 928 3
223 958 7
223 971 2
224 255 10
224 293 9
224 305 3
224 348 6
224 389 10
224 478 7
224 485 8
224 488 5
224 530 10
224 535 7
224 570 5
224 598 3
224 667 2
224 846 4
224 869 8
224 913 8
224 947 6
225 251 1
225 305 9
225 309 7
225 341 9
225 478 10
225 480 6
225 486 5
225 515 1
225 522 10
225 531 3
225 666 4
225 682 1
225 795 9
225 824 4
225 887 5
225 921 8
225 934 6
226 301 7
226 327 2
226 397 4
226 472 6
226 525 4
226 536 6
226 576 9
226 700 4
226 742 3
226 746 9
226 855 2
226 990 5
226 992 8
227 254 5
227 444 10
227 471 7
227 472 3
227 574 5
227 665 5
227 695 5
227 773 1
227 862 3
227 889 10
227 893 1
228 259 3
228 324 5
228 338 5
228 377 4
228 385 9
228 408 2
228 460 5
228 465 4
228 593 5
228 625 9
228 633 2
228 768 6
228 793 2
228 826 1
228 858 7
228 905 4
228 933 1
229 230 7
229 254 10
229 261 1
229 304 9
229 339 10
229 346 10
229 389 10
229 457 7
229 487 2
229 595 5
229 679 7
229 738 2
229 741 5
229 749 9
229 789 10
229 793 9
229 832 5
229 872 8
229 892 8
229 905 6
229 944 8
229 977 1
229 984 10
230 246 9
230 370 2
230 519 6
230 546 8
230 547 6
230 583 2
230 610 10
230 693 7
230 754 6
230 811 9
230 821 9
230 839 1
230 909 4
230 913 6
230 925 1
230 974 6
231 244 3
231 319 1
231 321 5
231 322 3
231 435 5
231 483 9
231 494 7
231 585 4
231 666 3
231 785 6
231 813 1
231 849 2
231 876 6
231 883 3
231 967 8
232 282 9
232 286 5
232 292 2
232 297 5
232 298 2
232 438 8
232 526 8
232 534 2
232 675 3
232 677 6
232 778 10
232 819 10
232 848 9
232 879 3
232 881 5
232 886 9
232 946 6
233 256 4
233 281 5
233 300 6
233 313 8
233 323 7
233 341 1
233 371 8
233 426 3
233 459 6
233 464 4
233 467 9
233 534 10
233 574 7
233 640 6
233 732 2
233 800 2
233 849 10
233 894 1
233 975 9
234 244 2
234 275 9
234 288 7
234 297 8
234 568 10
234 577 10
234 621 7
234 663 7
234 742 7
234 752 7
234 824 5
234 845 4
234 899 6
234 963 3
234 985 5
234 999 5
235 292 8
235 339 6
235 426 5
235 613 9
235 746 2
235 783 9
235 850 10
235 891 6
235 901 1
235 956 9
235 976 4
235 988 2
236 264 6
236 283 5
236 308 8
236 392 1
236 399 9
236 464 4
236 467 7
236 508 7
236 513 8
236 519 1
236 547 10
236 648 1
236 741 10
236 765 5
236 788 6
236 794 1
236 798 10
236 802 4
236 823 1
236 852 1
236 962 8
237 275 1
237 329 10
237 337 10
237 351 9
237 362 9
237 370 10
237 410 2
237 420 6
237 489 7
237 506 6
237 559 3
237 561 3
237 633 3
237 647 5
237 691 2
237 694 6
237 744 3
237 812 2
237 879 1
238 480 2
238 535 9
238 626 4
238 631 9
238 648 3
238 709 9
238 722 7
238 740 6
238 777 9
238 822 5
238 836 2
238 931 9
238 965 9
239 302 4
239 412 8
239 429 3
239 463 4
239 489 9
239 505 3
239 544 2
239 592 1
239 612 10
239 653 10
239 673 6
239 703 8
239 715 2
239 829 6
239 882 7
239 946 8
239 958 9
239 963 2
239 964 1
239 999 3
240 294 7
240 382 10
240 424 5
240 433 7
240 436 8
240 580 1
240 603 3
240 686 7
240 736 5
240 840 3
240 885 9
240 961 9
240 967 9
241 260 9
241 318 7
241 319 10
241 362 7
241 408 2
241 439 5
241 452 4
241 481 3
241 496 8
241 514 9
241 525 5
241 530 1
241 557 6
241 561 5
241 567 7
241 595 4
241 777 10
241 848 1
241 877 3
241 947 4
242 244 1
242 320 6
242 325 2
242 362 3
242 416 6
242 504 2
242 526 4
242 591 6
242 624 10
242 628 2
242 691 5
242 745 3
242 819 1
242 843 10
242 851 1
242 875 5
242 902 4
242 977 5
243 334 8
243 386 5
243 436 3
243 448 10
243 457 1
243 471 7
243 476 4
243 508 8
243 537 6
243 615 2
243 664 8
243 672 1
243 718 8
243 799 9
243 814 3
243 867 10
243 910 6
243 929 5
243 955 8
244 257 3
244 273 9
244 274 9
244 283 5
244 352 1
244 359 1
244 364 8
244 525 3
244 547 9
244 563 7
244 589 9
244 616 4
244 666 7
244 784 3
244 967 4
245 252 3
245 306 3
245 430 2
245 433 4
245 536 9
245 540 1
245 603 4
245 705 7
245 745 3
245 748 4
245 777 8
245 794 1
245 863 9
245 878 2
245 880 8
245 945 8
246 276 9
246 288 4
246 312 5
246 349 3
246 356 8
246 363 4
246 381 8
246 510 9
246 520 3
246 592 7
246 680 1
246 706 7
246 822 3
246 893 10
247 253 4
247 279 6
247 296 8
247 323 3
247 379 5
247 459 3
247 511 9
247 513 6
247 626 9
247 659 8
247 702 10
247 799 8
247 841 3
247 946 4
248 260 10
248 282 4
248 327 7
248 347 2
248 360 1
248 442 2
248 671 3
248 678 4
248 754 4
248 810 6
248 828 3
248 852 1
248 869 5
248 939 7
249 262 5
249 311 4
249 319 9
249 379 6
249 467 1
249 483 9
249 518 9
249 583 1
249 607 2
249 643 4
249 721 1
249 723 2
249 750 5
249 788 9
249 819 7
249 828 4
249 956 7
250 325 1
250 382 2
250 455 1
250 472 3
250 580 6
250 599 6
250 716 9
250 721 1
250 781 2
250 877 1
251 266 9
251 274 5
251 297 7
251 316 4
251 318 4
251 349 4
251 444 8
251 485 7
251 492 6
251 533 9
251 766 5
251 928 10
251 997 9
252 255 7
252 259 6
252 333 10
252 452 9
252 466 2
252 514 3
252 533 4
252 538 10
252 584 1
252 594 10
252 673 5
252 715 1
252 832 10
252 893 1
253 309 9
253 382 8
253 486 10
253 575 2
253 577 2
253 656 6
253 774 4
253 777 2
253 861 4
253 887 4
253 939 7
253 973 10
254 277 10
254 298 8
254 465 8
254 560 9
254 603 1
254 666 5
254 667 2
254 670 5
254 699 4
254 761 3
254 809 4
254 826 8
254 834 9
254 853 10
254 904 9
255 296 1
255 349 2
255 363 6
255 394 2
255 619 10
255 700 5
255 781 10
255 786 8
255 794 6
255 812 2
255 816 10
255 858 7
255 870 8
255 893 1
255 914 1
255 967 3
256 325 5
256 340 5
256 408 2
256 415 8
256 452 4
256 486 3
256 506 10
256 791 2
256 805 2
256 860 5
256 925 10
256 983 10
257 282 7
257 290 2
257 296 4
257 302 5
257 330 1
257 394 4
257 450 10
257 477 8
257 502 9
257 505 10
257 523 9
257 561 2
257 645 7
257 680 6
257 685 1
257 799 3
257 855 4
257 875 8
257 876 3
257 895 10
257 920 8
258 321 2
258 367 3
258 445 5
258 534 9
258 607 6
258 632 8
258 705 5
258 720 3
258 728 6
258 789 10
258 856 6
258 862 9
258 898 1
258 960 6
258 982 3
259 268 2
259 273 3
259 287 6
259 340 9
259 375 8
259 403 1
259 526 4
259 528 9
259 536 4
259 549 1
259 571 9
259 600 1
259 658 1
259 687 6
259 688 3
259 739 3
259 745 3
259 748 4
259 770 5
259 812 9
259 922 2
259 994 8
260 283 5
260 418 3
260 432 3
260 472 9
260 479 8
260 542 4
260 596 10
260 700 1
260 855 1
260 959 8
261 366 3
261 618 10
261 659 8
261 738 4
261 812 8
261 816 7
261 890 2
261 962 9
261 989 9
261 995 10
262 327 1
262 340 5
262 370 1
262 403 5
262 416 8
262 433 3
262 451 2
262 472 6
262 482 4
262 500 8
262 542 1
262 563 4
262 569 10
262 632 6
262 821 1
263 275 8
263 389 3
263 429 3
263 625 6
263 749 4
263 767 4
263 813 9
263 887 5
263 916 6
263 942 8
263 965 9
264 268 8
264 421 2
264 441 7
264 494 5
264 526 1
264 624 8
264 651 4
264 785 2
264 789 5
264 799 9
264 863 7
265 305 9
265 335 8
265 410 10
265 588 7
265 628 8
265 752 6
265 789 7
265 804 4
265 879 6
266 275 3
266 293 1
266 342 5
266 418 4
266 423 5
266 435 8
266 484 1
266 541 9
266 548 6
266 600 7
266 612 8
266 647 1
266 657 10
266 712 2
266 778 7
266 822 7
266 989 8
267 307 3
267 316 5
267 416 3
267 497 3
267 505 2
267 564 7
267 573 9
267 657 6
267 673 1
267 688 1
267 699 7
267 737 7
267 741 2
267 759 9
267 760 1
267 770 2
267 782 3
267 783 6
267 828 8
267 861 4
267 862 5
267 878 10
267 898 7
267 926 1
267 938 8
267 943 4
267 956 2
268 291 9
268 345 10
268 361 7
268 368 2
268 406 7
268 493 3
268 547 10
268 549 6
268 567 6
268 574 10
268 583 3
268 608 4
268 672 4
268 713 5
268 717 6
268 745 7
268 764 10
268 838 8
268 885 10
268 981 9
268 992 10
269 277 4
269 312 2
269 402 3
269 432 4
269 660 4
269 741 3
269 776 6
269 899 1
269 925 2
269 932 7
269 945 1
270 284 8
270 313 7
270 398 3
270 469 6
270 493 5
270 522 9
270 646 8
270 647 5
270 675 7
270 939 4
270 991 3
270 996 9
271 336 8
271 364 6
271 439 6
271 491 9
271 495 3
271 505 8
271 602 9
271 755 4
271 770 2
271 817 9
271 839 10
271 853 3
271 899 5
271 951 10
272 341 4
272 360 9
272 392 6
272 466 4
272 498 6
272 513 7
272 574 10
272 587 7
272 844 3
272 853 4
272 934 6
272 947 9
273 341 1
273 418 7
273 419 1
273 497 2
273 511 2
273 612 6
273 907 7
273 948 3
274 403 4
274 444 3
274 453 8
274 498 1
274 506 5
274 513 3
274 522 3
274 547 8
274 758 7
274 772 5
274 778 5
274 837 4
274 883 9
274 978 6
274 984 7
275 287 2
275 299 9
275 308 4
275 326 5
275 332 5
275 351 7
275 557 6
275 558 3
275 590 6
275 645 10
275 718 5
275 752 1
275 782 3
275 817 8
275 826 2
275 841 5
275 863 8
275 913 2
275 961 10
275 980 9
276 278 1
276 286 4
276 364 3
276 417 8
276 419 1
276 455 4
276 573 9
276 685 1
276 698 8
276 718 6
276 745 1
276 748 4
276 785 9
276 872 10
277 366 5
277 415 3
277 550 10
277 613 10
277 655 1
277 663 7
277 815 4
277 854 6
277 886 5
277 951 9
277 993 9
278 368 9
278 398 3
278 443 9
278 457 1
278 479 10
278 493 10
278 574 2
278 644 8
278 700 3
278 712 10
278 780 7
278 871 3
278 898 4
278 941 10
278 957 6
278 985 3
279 357 2
279 389 5
279 519 6
279 549 1
279 560 9
279 622 9
279 651 6
279 681 7
279 829 9
279 860 4
279 877 5
279 973 4
280 286 10
280 291 3
280 311 4
280 371 5
280 382 3
280 421 8
280 452 4
280 505 2
280 523 7
280 532 3
280 550 6
280 666 1
280 733 4
281 303 10
281 318 3
281 388 5
281 399 9
281 461 7
281 527 7
281 611 3
281 651 8
281 655 4
281 704 1
281 747 7
281 796 8
281 905 3
281 943 3
281 950 9
282 318 3
282 442 8
282 580 1
282 611 8
282 712 6
282 720 3
282 735 2
282 822 8
282 855 5
282 937 10
282 986 2
283 295 5
283 424 1
283 446 9
283 485 4
283 512 8
283 566 8
283 607 1
283 692 6
283 708 8
283 716 5
283 760 1
283 766 5
283 871 10
284 354 5
284 473 1
284 481 7
284 489 2
284 497 3
284 645 6
284 674 5
284 688 6
284 700 10
284 761 10
284 830 6
284 904 8
284 935 5
285 321 6
285 397 8
285 399 2
285 474 9
285 537 6
285 553 8
285 614 2
285 821 4
285 838 9
285 897 4
286 306 5
286 313 1
286 337 6
286 341 7
286 450 5
286 461 3
286 468 5
286 521 7
286 522 10
286 598 3
286 728 9
286 793 7
286 816 2
286 969 10
287 304 4
287 333 7
287 400 4
287 514 9
287 515 3
287 548 4
287 605 7
287 627 1
287 641 7
287 706 3
287 721 7
287 796 3
287 858 9
287 933 5
287 939 2
288 332 7
288 365 6
288 371 1
288 372 2
288 483 1
288 508 9
288 526 4
288 565 5
288 586 8
288 703 5
288 735 1
288 764 7
288 788 9
288 789 9
288 819 3
288 845 9
288 846 2
288 907 3
288 955 8
288 956 4
288 964 10
288 965 8
289 294 5
289 332 5
289 402 1
289 411 10
289 434 4
289 460 7
289 484 7
289 515 7
289 528 4
289 550 5
289 607 5
289 616 7
289 619 10
289 681 5
289 691 7
289 802 9
289 987 6
290 348 7
290 438 10
290 446 4
290 484 10
290 503 7
290 541 9
290 597 3
290 717 6
290 739 3
290 912 5
290 961 9
291 390 6
291 429 6
291 474 7
291 491 2
291 548 2
291 593 9
291 714 9
291 719 4
291 739 1
291 944 9
291 962 2
292 304 5
292 312 8
292 360 3
292 464 9
292 512 5
292 636 7
292 705 1
292 733 2
292 759 7
292 765 8
292 881 1
292 992 10
293 307 5
293 335 4
293 522 6
293 610 1
293 618 5
293 650 4
293 745 1
293 793 5
293 824 6
293 853 6
293 864 6
293 870 8
293 881 7
293 930 9
293 934 7
294 310 1
294 383 9
294 388 7
294 412 6
294 417 8
294 422 9
294 465 4
294 471 3
294 491 9
294 495 10
294 500 6
294 546 9
294 686 10
294 776 7
294 846 10
294 991 8
295 297 1
295 359 2
295 369 7
295 408 9
295 414 10
295 484 10
295 598 5
295 613 7
295 646 1
295 661 1
295 704 10
295 711 5
295 828 6
295 845 10
295 868 1
295 880 8
295 899 6
296 305 7
296 318 1
296 377 8
296 426 4
296 479 7
296 513 1
296 546 4
296 667 3
296 692 4
296 808 1
296 864 7
297 298 1
297 336 1
297 433 5
297 565 7
297 720 6
297 747 6
297 788 7
297 840 7
297 842 7
297 853 6
297 871 5
297 875 7
297 913 9
297 953 8
297 969 3
298 340 8
298 352 9
298 355 4
298 391 2
298 457 4
298 459 9
298 502 5
298 614 1
298 630 7
298 703 9
298 905 2
298 907 9
298 926 9
298 931 1
299 381 8
299 423 5
299 455 4
299 494 8
299 497 9
299 605 6
299 623 10
299 652 5
299 654 2
299 658 5
299 677 3
299 686 9
299 742 1
299 761 10
299 772 1
299 779 4
299 927 4
299 975 3
300 326 5
300 444 8
300 452 3
300 668 5
300 844 2
300 926 3
300 929 8
300 987 1
301 342 4
301 420 1
301 485 9
301 644 3
301 719 1
301 737 3
301 751 9
301 827 7
301 923 10
301 931 3
302 312 6
302 430 4
302 619 10
302 679 6
302 838 5
302 972 10
302 973 4
303 307 6
303 406 3
303 416 7
303 511 3
303 516 4
303 517 1
303 628 5
303 769 4
303 794 3
303 812 4
303 837 3
303 849 4
303 852 4
303 893 7
303 934 2
303 943 7
303 962 8
303 968 6
304 324 6
304 387 9
304 399 5
304 402 3
304 460 7
304 469 9
304 531 5
304 626 7
304 642 9
304 644 4
304 690 5
304 727 10
304 810 7
304 893 8
305 375 1
305 391 1
305 428 8
305 706 7
305 723 4
305 844 4
305 930 4
306 328 7
306 347 4
306 349 5
306 358 5
306 366 5
306 408 6
306 470 2
306 570 4
306 583 1
306 725 1
306 734 3
306 763 2
306 909 3
306 944 9
307 328 8
307 442 4
307 622 7
307 706 7
307 708 10
307 711 3
307 784 10
307 876 2
307 997 7
308 360 4
308 427 8
308 457 4
308 726 6
308 828 5
308 913 9
308 915 8
308 944 5
309 362 9
309 363 1
309 445 10
309 461 2
309 502 9
309 520 4
309 523 8
309 554 1
309 555 1
309 576 8
309 631 6
309 636 2
309 988 8
310 351 5
310 446 3
310 487 8
310 492 4
310 533 6
310 633 3
310 655 7
310 749 5
310 796 5
310 837 7
310 929 8
311 364 7
311 383 2
311 437 5
311 523 1
311 546 10
311 547 8
311 631 5
311 664 2
311 690 9
311 712 2
311 865 4
311 896 3
311 960 9
311 973 5
311 985 3
312 387 4
312 388 1
312 396 9
312 589 7
312 644 3
312 684 10
312 721 2
312 772 6
312 843 2
312 890 6
313 411 9
313 412 5
313 483 3
313 507 6
313 562 2
313 563 3
313 656 2
313 671 7
313 702 1
313 746 8
313 792 5
313 795 8
313 882 3
313 908 8
313 922 1
313 965 6
314 338 3
314 405 9
314 495 9
314 581 7
314 607 10
314 657 10
314 677 10
314 722 10
314 832 6
314 849 4
314 922 2
314 925 6
314 946 8
314 975 2
315 367 10
315 370 6
315 376 5
315 399 10
315 403 10
315 416 7
315 432 2
315 509 3
315 680 9
315 821 10
315 855 10
315 858 3
316 350 3
316 361 10
316 376 8
316 471 9
316 482 10
316 585 9
316 594 8
316 676 2
316 693 2
316 800 4
316 817 2
316 818 2
316 851 7
316 878 9
316 885 6
316 940 8
316 962 6
316 999 3
317 327 7
317 419 4
317 506 3
317 516 9
317 582 10
317 636 7
317 704 1
317 748 3
317 777 7
317 800 3
317 940 1
317 965 9
318 337 2
318 345 6
318 445 1
318 510 5
318 526 1
318 538 4
318 564 5
318 595 1
318 623 7
318 633 8
318 748 8
318 861 9
318 893 10
318 941 10
318 989 4
318 991 10
319 329 9
319 381 10
319 406 4
319 570 6
319 587 5
319 590 8
319 620 9
319 645 7
319 646 5
319 716 2
319 726 1
319 764 7
319 804 7
319 860 2
319 899 10
319 912 7
319 918 10
319 966 6
320 438 9
320 570 10
320 674 5
320 702 10
320 783 8
320 791 4
320 826 4
320 833 7
320 911 2
320 966 7
320 987 8
321 439 4
321 448 9
321 493 7
321 529 6
321 575 2
321 624 8
321 666 2
321 732 10
321 749 6
321 778 2
321 881 2
321 917 9
321 936 9
321 954 4
321 987 7
322 338 8
322 564 10
322 607 1
322 634 6
322 674 1
322 732 9
322 747 1
322 754 8
322 756 3
322 874 6
322 875 8
322 903 7
322 904 9
323 355 3
323 455 9
323 525 2
323 550 2
323 590 2
323 645 2
323 682 8
323 720 9
323 760 3
323 768 1
323 910 6
324 366 4
324 409 2
324 455 2
324 496 6
324 605 5
324 699 3
324 738 6
324 814 2
324 817 7
324 836 9
324 851 3
324 968 8
324 983 7
325 427 3
325 532 1
325 612 5
325 666 3
325 667 7
325 764 9
325 783 8
325 785 10
325 873 9
325 925 8
326 479 5
326 552 4
326 704 4
326 718 1
326 781 8
326 788 7
326 791 2
326 796 4
326 840 5
326 844 6
327 343 6
327 394 3
327 429 1
327 465 1
327 471 8
327 479 4
327 502 4
327 519 2
327 632 1
327 801 9
327 907 5
328 361 8
328 385 1
328 405 4
328 433 9
328 435 6
328 442 7
328 450 7
328 591 6
328 758 1
328 767 6
328 793 3
328 821 7
328 825 9
328 912 10
328 928 6
328 980 3
329 404 6
329 455 2
329 525 6
329 557 4
329 606 10
329 647 8
329 672 3
329 707 7
329 717 10
329 834 10
329 836 9
329 846 3
329 933 4
329 941 4
330 429 10
330 490 6
330 535 2
330 733 9
330 757 2
330 782 7
330 798 8
330 826 9
330 830 6
330 877 5
330 883 8
330 888 3
330 933 5
330 977 1
330 981 1
331 366 4
331 374 7
331 400 10
331 433 8
331 462 4
331 656 9
331 683 1
331 800 3
331 811 3
331 815 5
331 823 2
331 845 4
331 873 7
332 378 9
332 384 1
332 441 5
332 457 6
332 483 5
332 576 4
332 661 3
332 672 8
332 682 3
332 688 10
332 771 9
332 808 4
332 930 3
332 985 2
333 344 5
333 376 10
333 467 10
333 518 1
333 593 3
333 602 7
333 700 1
333 768 10
333 782 8
333 917 5
333 926 1
333 983 5
333 987 5
334 416 8
334 686 4
334 732 1
334 806 10
334 995 4
335 442 1
335 493 8
335 535 9
335 589 10
335 635 5
335 649 8
335 673 5
335 686 4
335 689 8
335 758 3
335 780 1
335 822 2
335 845 4
335 895 2
335 923 9
335 935 6
335 936 6
335 937 5
335 973 1
335 995 9
336 352 3
336 402 10
336 406 7
336 435 7
336 473 5
336 512 7
336 579 6
336 593 6
336 615 5
336 698 6
336 699 3
336 714 8
336 777 9
336 790 2
336 843 10
336 853 3
336 897 7
336 927 3
336 942 7
336 977 1
336 978 6
337 347 9
337 371 7
337 380 10
337 385 9
337 556 4
337 572 3
337 596 5
337 607 10
337 617 7
337 624 1
337 636 10
337 711 7
337 732 4
337 743 3
337 918 8
337 945 5
337 952 1
337 978 3
338 388 1
338 394 9
338 429 5
338 462 6
338 464 1
338 484 5
338 511 5
338 629 7
338 657 10
338 752 6
338 905 7
339 400 8
339 487 6
339 527 4
339 540 5
339 572 9
339 637 9
339 659 2
339 693 6
339 766 9
339 832 6
340 502 2
340 534 2
340 546 2
340 568 6
340 651 6
340 697 5
340 765 4
340 860 10
340 895 6
341 412 1
341 424 4
341 425 8
341 434 10
341 497 4
341 622 3
341 679 9
341 804 6
341 821 2
341 840 2
341 843 2
341 871 7
341 905 6
341 996 6
342 539 4
342 586 5
342 589 4
342 608 10
342 640 2
342 804 4
342 868 4
342 905 9
342 921 10
343 435 7
343 464 3
343 524 1
343 557 8
343 598 10
343 610 7
343 720 5
343 864 2
343 909 4
343 964 9
344 374 3
344 385 3
344 402 1
344 433 8
344 491 6
344 508 3
344 559 6
344 650 2
344 651 1
344 670 3
344 698 7
344 740 9
344 753 10
344 781 5
344 787 1
344 788 9
344 984 5
345 357 8
345 491 6
345 526 2
345 550 3
345 591 5
345 679 1
345 740 3
345 781 8
345 836 6
345 871 2
345 875 7
345 888 2
346 377 7
346 392 6
346 520 4
346 527 2
346 655 9
346 694 9
346 732 9
346 758 9
346 759 5
346 798 8
346 800 10
346 812 7
347 375 4
347 378 5
347 427 5
347 547 1
347 621 8
347 817 2
347 841 7
347 847 10
347 849 2
347 919 4
347 927 2
347 954 5
347 991 7
348 386 3
348 392 6
348 416 10
348 419 7
348 428 10
348 512 4
348 672 7
348 698 2
348 796 4
348 820 3
348 831 2
348 857 2
348 899 6
348 941 8
348 993 7
349 372 3
349 470 9
349 525 6
349 561 3
349 611 1
349 678 2
349 681 2
349 735 5
349 774 9
349 793 5
349 836 6
349 852 2
349 855 9
349 858 2
349 885 9
349 901 4
349 904 10
349 972 5
349 998 5
350 490 8
350 699 3
350 710 9
350 853 4
350 866 2
350 881 5
350 889 7
350 942 2
350 972 6
350 993 7
351 415 6
351 449 10
351 549 10
351 649 10
351 678 8
351 817 3
351 842 4
352 402 2
352 465 5
352 476 3
352 719 6
352 790 6
352 958 5
352 997 10
353 449 10
353 495 2
353 529 2
353 541 6
353 606 9
353 631 5
353 815 3
353 826 5
353 827 10
353 857 5
353 892 8
354 394 1
354 518 6
354 584 4
354 654 3
354 764 7
354 773 3
354 829 2
354 843 10
354 855 10
354 862 9
355 361 5
355 387 10
355 410 8
355 417 7
355 425 4
355 456 2
355 476 9
355 548 8
355 560 7
355 854 7
355 855 10
355 879 6
355 966 5
355 981 2
356 385 7
356 394 4
356 498 4
356 599 7
356 600 3
356 603 3
356 655 7
356 751 10
356 863 9
356 896 10
356 983 5
357 399 3
357 431 5
357 435 5
357 450 9
357 469 6
357 486 3
357 494 2
357 508 1
357 532 5
357 617 1
357 774 7
357 797 1
357 802 5
357 843 10
357 925 6
357 929 2
357 982 6
358 370 5
358 392 3
358 430 2
358 468 2
358 478 4
358 514 4
358 645 2
358 786 3
358 887 8
358 894 6
359 477 8
359 517 6
359 549 5
359 577 2
359 663 6
359 707 1
359 808 7
359 931 1
359 962 10
360 372 2
360 413 5
360 419 3
360 462 2
360 473 9
360 611 7
360 629 10
360 634 7
360 686 2
361 362 4
361 394 6
361 434 4
361 477 4
361 496 5
361 505 10
361 550 6
361 664 2
361 911 10
361 978 1
361 981 10
362 417 7
362 456 4
362 512 2
362 530 6
362 581 10
362 606 10
362 615 10
362 645 5
362 667 1
362 762 1
362 786 7
362 793 9
362 825 9
363 374 1
363 388 10
363 417 9
363 460 9
363 471 4
363 477 10
363 529 10
363 556 6
363 636 4
363 665 1
363 779 2
363 860 2
363 962 10
364 399 6
364 456 1
364 551 6
364 564 7
364 607 7
364 656 9
364 707 10
364 724 10
364 731 5
364 739 4
364 806 10
364 822 5
364 997 4
365 384 1
365 413 3
365 442 8
365 465 5
365 474 2
365 496 7
365 558 7
365 615 10
365 621 1
365 724 4
365 753 3
365 781 9
365 823 10
365 842 2
365 848 7
365 874 1
365 933 1
365 980 7
366 403 10
366 411 6
366 454 4
366 593 2
366 733 10
366 833 1
366 949 3
366 959 5
366 979 2
367 407 8
367 509 3
367 513 8
367 584 4
367 634 7
367 792 3
367 834 9
367 890 2
367 905 3
367 920 1
367 939 8
367 958 6
368 380 1
368 412 1
368 481 6
368 491 10
368 518 8
368 628 2
368 809 5
368 823 3
368 829 4
368 879 9
368 908 5
368 914 9
369 470 6
369 499 2
369 530 1
369 576 5
369 701 1
369 731 6
369 734 6
369 741 1
369 810 4
369 850 4
369 860 4
369 875 1
369 888 6
369 959 8
369 965 5
369 967 8
369 972 9
370 437 9
370 438 9
370 444 1
370 447 4
370 464 2
370 549 6
370 558 6
370 654 7
370 755 1
370 920 8
370 938 1
371 383 4
371 452 2
371 493 4
371 508 3
371 570 5
371 679 3
371 755 7
371 781 7
371 783 4
371 951 7
372 405 5
372 414 2
372 447 3
372 631 3
372 668 4
372 723 9
372 749 3
372 813 8
372 973 1
373 413 8
373 466 2
373 540 7
373 577 3
373 584 1
373 594 4
373 665 5
373 739 4
373 788 4
373 877 5
373 903 6
373 965 4
374 458 7
374 485 4
374 510 5
374 578 1
374 613 4
374 662 9
374 774 8
374 818 4
374 846 6
374 856 9
374 858 5
374 994 7
375 405 8
375 426 2
375 427 9
375 516 6
375 523 3
375 604 5
375 699 2
375 767 2
375 796 5
375 812 10
375 817 7
375 931 9
375 941 10
376 404 3
376 520 5
376 528 10
376 635 6
376 724 2
376 739 8
376 755 7
376 793 3
376 865 4
376 892 9
376 897 2
376 906 5
376 942 9
376 983 10
376 999 4
377 408 6
377 459 6
377 640 9
377 740 9
377 752 4
377 756 9
377 807 4
377 838 10
377 842 8
378 430 3
378 431 10
378 686 6
378 755 3
378 783 1
378 794 5
379 427 3
379 530 1
379 545 4
379 574 5
379 582 1
379 740 5
379 878 10
379 920 1
379 950 7
380 413 5
380 506 9
380 523 5
380 570 8
380 719 6
380 739 1
380 770 3
380 847 7
380 905 1
380 931 2
380 984 8
381 423 7
381 518 1
381 522 3
381 601 2
381 675 7
381 712 5
381 794 2
381 838 1
381 862 3
381 948 6
382 388 9
382 430 2
382 445 7
382 551 9
382 587 5
382 659 9
382 660 5
382 677 8
382 750 7
382 863 6
382 865 10
383 436 7
383 443 3
383 447 10
383 474 10
383 565 1
383 586 9
383 600 3
383 685 2
383 866 10
383 934 5
383 960 8
383 971 3
384 415 1
384 472 3
384 484 2
384 494 9
384 524 3
384 579 9
384 647 10
384 685 9
384 689 5
384 749 8
384 751 10
384 776 10
384 870 1
385 448 3
385 455 5
385 547 9
385 635 6
385 674 10
385 892 6
386 404 7
386 430 8
386 431 5
386 522 6
386 531 5
386 534 3
386 621 2
386 623 1
386 699 9
386 741 5
386 748 1
386 750 5
386 769 4
386 984 4
386 991 2
386 994 10
387 473 6
387 534 2
387 539 6
387 607 1
387 626 8
387 638 3
387 660 10
387 678 9
387 685 5
387 989 6
388 421 1
388 445 4
388 460 1
388 469 10
388 589 7
388 591 5
388 634 7
388 691 4
388 739 8
388 781 3
388 819 8
388 835 10
388 938 6
388 953 3
388 987 9
389 459 9
389 507 9
389 552 7
389 568 4
389 627 4
389 637 4
389 652 2
389 718 1
389 768 8
389 782 9
389 830 9
389 967 3
390 427 10
390 513 1
390 649 2
390 671 2
390 690 9
390 693 2
390 739 7
391 410 4
391 544 9
391 553 7
391 677 3
391 679 10
391 799 5
391 812 6
391 827 5
391 880 10
391 902 1
391 906 4
391 943 9
391 956 6
392 498 6
392 579 8
392 652 2
392 674 10
392 830 7
392 848 5
392 922 2
392 993 7
393 508 1
393 542 3
393 581 2
393 582 10
393 598 6
393 601 4
393 646 10
393 689 4
393 758 5
393 766 8
393 788 3
393 883 1
393 888 8
393 906 10
393 934 3
393 951 1
393 979 2
394 408 1
394 441 2
394 510 4
394 565 3
394 578 9
394 680 8
394 769 1
394 799 6
394 925 2
394 926 4
394 948 5
394 975 9
394 990 10
395 466 7
395 493 5
395 567 3
395 607 2
395 672 4
395 682 4
395 817 10
395 913 3
396 411 10
396 440 8
396 562 8
396 578 2
396 619 2
396 670 3
396 674 6
396 750 2
396 782 3
396 820 9
396 891 1
396 897 10
396 912 8
396 924 9
396 985 4
397 418 1
397 449 6
397 673 1
397 675 10
397 802 8
397 861 6
398 431 5
398 645 2
398 706 4
398 787 5
398 794 8
398 820 7
398 827 8
398 846 5
398 851 2
398 862 4
398 879 7
398 981 8
398 983 1
398 998 4
399 418 1
399 600 7
399 620 7
399 663 5
399 747 10
399 850 9
399 866 10
399 885 1
399 980 1
399 997 10
400 424 5
400 544 5
400 729 5
400 766 5
400 828 7
400 905 1
400 964 4
400 978 9
401 467 9
401 496 3
401 524 6
401 533 3
401 607 8
401 713 5
401 723 3
401 790 1
401 884 3
401 930 3
402 415 7
402 504 3
402 506 1
402 515 10
402 530 6
402 619 7
402 626 5
402 630 6
402 638 6
402 734 1
402 773 1
402 782 8
402 853 6
402 854 3
402 855 1
402 866 2
402 868 9
402 872 6
402 890 9
402 949 4
402 959 8
402 985 10
403 499 6
403 528 3
403 550 5
403 579 3
403 587 9
403 728 4
403 815 9
403 850 2
403 872 2
403 887 10
403 975 10
404 473 2
404 494 3
404 520 6
404 559 3
404 603 6
404 684 10
404 702 1
404 709 9
404 760 1
404 776 5
404 796 1
404 841 7
404 842 8
404 885 4
404 903 5
405 416 10
405 483 9
405 730 9
405 803 8
405 874 10
405 998 2
406 415 1
406 426 4
406 437 2
406 486 4
406 503 3
406 559 7
406 579 6
406 735 9
406 746 6
406 788 2
406 888 4
406 890 1
406 894 1
406 946 1
406 962 10
407 491 3
407 545 1
407 715 5
407 797 7
407 799 8
407 894 2
408 428 10
408 449 6
408 534 9
408 561 4
408 573 5
408 716 7
408 720 2
408 734 5
408 740 6
408 839 4
408 853 5
408 901 6
409 479 8
409 562 1
409 622 9
409 716 4
409 737 6
409 846 5
409 849 1
409 862 9
409 877 10
410 413 3
410 565 1
410 599 9
410 603 1
410 608 9
410 653 8
410 687 9
410 798 7
410 814 7
410 820 5
410 822 6
410 865 6
410 877 9
410 914 5
410 917 6
410 925 5
411 421 4
411 469 3
411 474 2
411 533 10
411 628 2
411 641 5
411 686 5
411 693 5
411 732 6
411 751 6
411 752 7
411 754 3
411 762 6
411 912 6
411 954 5
411 996 6
411 999 8
412 433 3
412 448 5
412 461 6
412 497 5
412 519 6
412 526 7
412 588 3
412 612 6
412 657 2
412 674 6
412 910 5
412 919 10
412 956 9
412 983 4
412 995 2
413 449 6
413 463 10
413 469 5
413 498 7
413 559 3
413 599 10
413 701 8
413 775 7
413 792 3
413 798 2
413 832 7
413 899 1
413 905 2
414 452 8
414 480 1
414 594 1
414 632 1
414 658 8
414 721 3
414 919 3
414 938 4
414 945 8
415 424 7
415 518 9
415 544 3
415 629 2
415 741 1
415 779 5
415 784 8
415 930 1
415 937 5
415 992 6
416 606 1
416 615 4
416 620 1
416 659 8
416 696 4
416 731 2
416 770 10
416 849 7
416 965 3
416 988 3
417 444 10
417 515 1
417 540 7
417 594 9
417 767 5
417 788 4
417 801 5
417 851 7
417 878 7
417 934 9
417 945 4
417 981 9
417 985 5
418 436 10
418 442 4
418 463 6
418 469 6
418 575 1
418 598 5
418 636 2
418 639 6
418 720 6
418 866 6
418 872 6
418 988 4
419 429 9
419 437 4
419 470 9
419 527 6
419 587 8
419 594 1
419 666 6
419 668 2
419 689 4
419 767 2
419 833 2
420 423 8
420 432 7
420 442 10
420 493 10
420 529 2
420 574 9
420 601 4
420 658 3
420 712 7
420 776 4
420 848 3
421 681 7
421 737 10
421 755 4
421 773 2
421 799 3
421 867 5
421 872 8
421 876 8
421 977 2
421 980 7
422 438 5
422 445 1
422 446 2
422 452 6
422 457 4
422 548 10
422 592 3
422 610 9
422 667 2
422 702 10
422 705 5
422 879 8
422 882 8
422 898 5
422 954 1
422 994 2
423 513 6
423 561 5
423 573 3
423 598 2
423 652 10
423 737 9
423 740 6
423 794 9
423 805 8
424 443 10
424 524 7
424 525 9
424 672 1
424 715 6
424 776 9
424 829 2
424 923 3
424 964 6
425 447 5
425 677 6
425 714 2
425 892 2
425 923 10
425 984 8
425 986 4
426 510 10
426 533 1
426 564 6
426 694 3
426 710 4
426 807 4
426 826 6
426 844 10
426 854 1
426 861 2
426 884 1
426 935 8
426 941 3
426 972 7
426 974 8
427 457 5
427 555 1
427 559 6
427 743 10
427 781 10
427 785 9
427 789 9
427 818 2
427 847 8
427 924 3
427 948 3
427 970 5
428 511 6
428 740 2
428 866 2
428 904 10
428 924 5
428 929 8
428 974 6
429 433 4
429 499 9
429 502 4
429 604 1
429 620 4
429 642 4
429 706 9
429 761 6
429 840 9
429 856 9
429 888 9
429 903 2
429 930 2
429 985 2
430 441 7
430 455 2
430 477 3
430 620 3
430 678 6
430 739 6
430 793 3
431 460 10
431 473 9
431 485 2
431 597 4
431 631 9
431 703 7
431 709 1
431 764 10
431 833 1
431 850 3
431 894 2
431 901 9
432 436 5
432 463 9
432 489 7
432 588 7
432 615 10
432 618 5
432 710 3
432 732 6
432 740 5
432 827 1
432 856 9
432 886 7
432 889 2
432 913 7
433 546 4
433 585 4
433 645 2
433 704 4
433 789 1
433 882 9
433 938 1
433 962 2
433 977 6
434 454 10
434 522 8
434 553 1
434 569 10
434 599 5
434 629 10
434 633 9
434 670 10
434 728 8
434 735 1
434 741 3
434 757 9
434 828 10
434 844 6
434 855 5
434 863 1
434 887 7
434 893 3
434 933 4
435 561 1
435 591 1
435 759 2
435 760 10
435 818 7
435 862 5
435 950 5
435 978 10
436 460 1
436 463 6
436 527 5
436 589 1
436 601 7
436 624 3
436 660 7
436 676 6
436 715 2
436 854 8
436 929 4
436 956 7
437 472 7
437 584 7
437 624 3
437 628 3
437 768 3
437 813 5
437 824 9
437 909 1
437 996 5
438 553 6
438 580 7
438 632 7
438 662 10
438 668 5
438 681 7
438 724 2
438 755 1
438 781 1
439 472 8
439 588 7
439 593 7
439 667 3
439 733 1
439 764 5
439 814 3
439 857 3
439 907 5
439 938 5
440 670 6
440 764 3
440 805 4
440 891 2
440 924 2
440 935 9
440 974 5
440 986 5
441 463 5
441 517 3
441 569 7
441 571 5
441 608 2
441 739 7
441 771 2
441 782 6
441 850 1
441 897 9
441 979 8
442 453 4
442 475 9
442 511 3
442 545 8
442 595 3
442 614 8
442 629 5
442 642 10
442 665 10
442 762 7
442 764 1
442 781 8
442 863 6
443 654 6
443 683 9
443 745 10
443 746 4
443 748 2
443 971 10
443 996 5
444 547 10
444 621 7
444 726 10
444 832 8
444 876 4
444 902 2
444 944 4
444 965 2
444 981 3
445 474 9
445 527 3
445 662 8
445 753 2
445 758 4
445 862 2
445 918 6
445 942 7
445 995 8
446 509 1
446 520 1
446 531 10
446 548 10
446 706 2
446 758 10
446 778 6
446 813 10
446 823 8
446 846 4
446 992 6
447 583 8
447 645 6
447 716 4
447 719 3
447 721 8
447 744 9
447 878 4
447 899 7
447 937 2
447 971 7
447 984 7
448 464 8
448 476 6
448 534 5
448 547 5
448 567 7
448 586 4
448 719 9
448 789 3
448 846 10
449 483 7
449 568 9
449 663 4
449 732 7
449 733 1
449 753 6
449 839 4
449 916 9
450 607 8
450 636 2
450 700 5
450 726 7
450 774 4
450 794 3
450 824 10
450 908 7
450 930 1
450 947 8
450 952 1
450 965 4
451 554 4
451 571 2
451 628 7
451 701 6
451 741 4
451 784 6
451 801 10
451 837 1
451 948 4
452 676 3
452 680 5
452 711 1
452 763 4
452 791 1
452 827 10
452 855 7
452 896 8
452 957 6
453 537 10
453 540 5
453 569 6
453 734 1
453 790 9
453 823 2
453 841 9
453 878 4
453 900 5
453 977 6
454 504 4
454 558 1
454 587 1
454 614 10
454 615 5
454 825 3
454 912 7
455 485 6
455 519 8
455 559 7
455 574 3
455 584 3
455 596 2
455 700 6
455 723 10
455 772 6
455 795 6
455 835 6
455 843 9
456 577 6
456 618 9
456 630 10
456 732 5
456 748 9
456 754 8
456 800 2
456 804 2
456 820 8
456 860 7
456 923 3
456 932 3
457 696 5
457 710 10
457 814 1
457 872 5
457 880 8
457 894 5
457 905 3
457 966 1
457 986 5
458 519 1
458 568 9
458 604 8
458 643 4
458 647 10
458 656 2
458 700 2
458 765 8
458 781 6
458 782 3
458 786 1
458 816 3
458 873 5
459 504 2
459 549 8
459 667 1
459 676 6
459 683 3
459 727 3
459 745 7
459 766 9
459 770 7
459 857 8
459 891 2
459 892 4
459 934 5
460 626 10
460 654 3
460 717 7
460 732 3
460 789 9
460 808 2
460 810 2
460 822 4
460 823 3
460 841 6
460 855 3
460 859 3
460 870 6
460 972 9
461 512 9
461 527 5
461 643 10
461 653 7
461 708 8
461 815 9
461 831 4
461 857 8
461 868 9
461 874 2
461 883 6
462 491 6
462 566 6
462 576 8
462 644 10
462 647 4
462 687 9
462 728 6
462 765 6
462 812 6
462 823 7
462 880 6
462 890 9
462 901 5
462 965 5
463 510 9
463 543 7
463 584 8
463 685 1
463 704 10
463 762 5
463 784 2
463 790 1
463 874 8
463 913 7
463 982 2
464 614 4
464 697 9
464 759 10
464 763 8
464 902 3
464 980 5
464 997 9
465 478 7
465 486 1
465 511 1
465 530 10
465 576 4
465 605 2
465 630 1
465 684 8
465 711 7
465 723 5
465 789 8
465 792 5
465 812 5
465 813 9
465 868 2
465 903 4
465 909 9
465 925 2
465 949 1
466 493 4
466 558 7
466 589 10
466 647 6
466 655 9
466 659 6
466 671 4
466 685 5
466 774 3
466 799 7
466 820 9
466 828 4
466 835 7
466 910 1
466 927 6
466 937 5
466 942 3
466 957 9
466 972 2
467 718 9
467 738 10
467 743 7
467 862 5
467 983 6
468 477 4
468 495 3
468 542 2
468 571 6
468 600 6
468 648 3
468 710 5
468 755 10
468 760 10
468 776 1
468 859 10
468 880 7
468 896 10
468 938 6
469 482 1
469 514 5
469 533 2
469 545 5
469 558 3
469 595 2
469 597 10
469 629 5
469 682 2
469 700 8
469 714 6
469 754 10
469 930 1
469 987 9
470 475 2
470 476 10
470 590 10
470 627 1
470 630 9
470 665 5
470 813 10
470 851 9
470 899 3
470 919 3
471 490 5
471 497 4
471 504 4
471 509 6
471 538 1
471 572 3
471 640 5
471 672 7
471 719 4
471 731 6
471 793 9
471 796 1
471 875 8
471 883 4
471 937 3
472 511 1
472 524 3
472 536 3
472 677 1
472 755 6
472 790 1
473 478 4
473 584 1
473 603 2
473 634 1
473 730 7
473 840 2
473 921 8
473 999 2
474 498 5
474 560 2
474 656 6
474 663 8
474 682 3
474 742 8
474 752 2
474 866 3
474 868 2
474 869 9
475 479 9
475 523 4
475 557 8
475 589 8
475 668 3
475 785 6
475 804 2
475 854 1
475 971 8
475 988 7
476 554 1
476 581 10
476 610 7
476 709 10
476 751 4
476 821 5
476 832 9
476 888 4
476 914 3
476 998 6
477 522 4
477 593 4
477 669 10
477 688 3
477 733 9
477 802 8
477 811 6
477 827 10
477 860 5
477 895 7
477 913 3
477 932 6
477 940 4
478 508 8
478 718 3
478 728 2
478 749 6
478 904 4
478 928 2
478 985 1
479 739 6
479 783 8
479 900 7
480 526 6
480 612 4
480 657 4
480 749 10
480 951 3
481 525 6
481 542 1
481 768 9
481 956 10
481 977 5
481 986 3
482 562 2
482 584 7
482 899 8
482 969 6
482 980 8
483 504 4
483 539 7
483 565 6
483 619 2
483 640 10
483 773 3
483 780 1
483 798 2
483 808 6
483 844 8
483 871 4
483 886 4
483 894 8
483 906 10
483 980 5
484 497 10
484 623 1
484 778 9
484 875 7
484 895 2
484 940 6
484 966 6
485 510 6
485 513 9
485 626 5
485 785 3
485 915 9
486 769 8
486 880 10
486 968 2
486 970 1
486 981 2
486 995 10
486 998 1
487 494 10
487 541 3
487 594 5
487 653 9
487 679 4
487 685 10
487 700 7
487 717 5
487 755 5
487 876 1
487 900 7
487 915 4
488 498 5
488 569 3
488 624 3
488 633 7
488 662 10
488 669 2
488 680 4
488 717 1
488 761 1
488 769 2
488 791 1
488 922 6
488 934 10
488 944 3
489 502 8
489 597 10
489 598 6
489 603 9
489 751 6
489 798 4
489 809 5
489 817 4
489 829 3
489 855 8
489 912 3
489 928 8
490 574 3
490 600 7
490 635 8
490 651 10
490 677 1
490 762 8
490 812 2
490 868 6
490 933 4
490 935 5
490 938 10
490 959 8
491 513 8
491 528 4
491 531 7
491 571 6
491 651 9
491 652 8
491 659 7
491 763 5
491 773 1
491 923 3
491 943 2
491 954 6
491 984 1
492 495 5
492 545 5
492 585 2
492 684 5
492 721 5
492 816 5
492 825 10
492 959 3
492 996 2
493 546 3
493 621 7
493 671 6
493 766 5
493 862 3
493 971 1
494 501 6
494 502 3
494 503 10
494 530 2
494 564 8
494 576 8
494 579 3
494 628 9
494 630 2
494 646 5
494 677 8
494 678 7
494 745 9
494 779 7
494 976 9
495 499 1
495 519 5
495 921 4
495 941 10
495 958 9
495 968 9
495 991 6
496 509 3
496 563 10
496 567 9
496 591 6
496 672 3
496 810 1
496 922 1
496 935 7
497 548 7
497 621 4
497 649 2
497 781 6
497 844 9
498 509 7
498 532 6
498 732 3
498 786 9
498 789 8
498 827 9
498 918 10
498 919 2
498 942 6
499 646 8
499 666 9
499 727 3
499 769 5
499 938 1
500 575 6
500 580 10
500 666 6
500 717 2
500 816 6
500 825 5
500 888 2
500 894 5
500 937 8
500 983 10
501 624 9
501 635 7
501 647 8
501 667 3
501 714 10
501 749 6
501 822 5
501 843 10
501 885 3
501 895 10
501 922 8
501 979 5
502 508 3
502 511 5
502 517 7
502 543 7
502 600 6
502 701 8
502 746 1
503 566 4
503 629 9
503 722 4
503 752 3
503 779 1
503 802 2
503 809 1
503 850 6
503 927 2
503 956 3
503 974 7
503 975 6
504 527 4
504 571 2
504 574 1
504 620 10
504 629 9
504 674 8
504 730 10
504 737 8
504 741 3
504 774 6
504 835 3
505 570 8
505 644 1
505 669 8
505 718 5
505 771 6
505 837 9
505 886 2
505 899 1
505 917 7
505 926 8
505 999 2
506 644 1
506 781 8
506 835 6
506 882 10
506 930 7
506 989 3
507 550 4
507 593 1
507 610 3
507 664 7
507 690 3
507 797 8
507 804 4
507 863 9
507 872 8
507 889 5
507 912 5
507 947 9
508 518 4
508 526 3
508 587 6
508 638 7
508 715 9
508 747 4
508 787 8
508 817 5
508 909 8
508 958 4
508 973 2
508 986 4
509 530 1
509 532 7
509 636 4
509 694 4
509 755 5
509 925 8
509 945 2
510 519 1
510 529 10
510 683 6
510 710 4
510 786 9
510 812 2
511 533 10
511 554 7
511 601 8
511 604 8
511 658 10
511 664 5
511 676 8
511 684 6
511 688 5
511 730 3
511 741 3
511 768 1
511 782 2
511 815 6
511 868 7
511 947 3
511 966 6
512 534 6
512 548 4
512 568 2
512 593 4
512 605 10
512 615 3
512 658 6
512 665 6
512 699 2
512 710 5
512 815 8
512 834 7
512 870 5
512 883 7
512 950 8
513 534 10
513 542 6
513 555 4
513 595 10
513 612 4
513 667 8
513 685 5
513 704 4
513 761 6
513 786 1
513 791 7
513 801 5
513 945 1
514 575 3
514 586 10
514 735 10
514 745 7
514 755 7
514 836 6
514 841 9
514 847 3
514 871 3
514 880 6
514 896 9
514 948 10
514 965 4
514 979 7
515 549 1
515 565 3
515 584 10
515 646 7
515 648 1
515 667 5
515 850 5
515 982 8
516 563 8
516 617 4
516 625 7
516 703 4
516 706 5
516 740 9
516 991 10
517 555 5
517 645 7
517 669 8
517 683 1
517 745 3
517 882 10
518 584 6
518 620 7
518 734 8
519 567 3
519 583 3
519 607 2
519 727 1
519 734 8
519 741 1
519 768 5
519 802 4
519 825 4
519 963 5
519 978 6
520 657 8
520 743 8
520 746 8
520 818 10
520 883 3
520 901 10
520 928 7
520 957 1
520 997 1
521 576 10
521 653 2
521 662 10
521 668 1
521 675 10
521 734 7
521 738 4
521 838 1
521 934 1
521 936 1
521 979 4
522 573 5
522 592 6
522 675 1
522 708 8
522 775 9
522 778 5
522 796 4
522 810 7
522 826 10
522 846 8
522 902 2
523 683 3
523 702 7
523 784 8
523 804 5
523 956 5
524 540 2
524 570 5
524 642 1
524 645 3
524 647 7
524 667 3
524 683 5
524 719 3
524 881 6
524 919 5
525 546 4
525 548 7
525 555 6
525 645 10
525 730 10
525 731 7
525 806 7
525 884 2
526 549 1
526 558 1
526 662 6
526 688 4
526 774 9
526 820 3
526 915 6
526 958 8
526 967 3
526 987 1
527 579 5
527 594 9
527 740 10
527 791 5
527 890 10
527 921 10
527 935 8
527 989 3
527 994 5
528 540 3
528 604 5
528 780 3
528 782 1
528 828 7
528 924 9
528 925 8
528 956 8
528 994 1
529 631 10
529 635 10
529 791 5
529 805 6
529 827 3
529 831 9
529 868 9
529 894 6
529 917 10
529 955 9
530 558 7
530 560 6
530 561 7
530 672 6
530 718 2
530 746 1
530 814 2
530 851 2
530 876 7
530 931 9
530 944 6
530 954 5
530 988 4
531 739 7
531 810 6
531 826 7
531 832 8
531 922 4
532 571 4
532 575 3
532 596 4
532 617 8
532 635 3
532 661 1
532 696 3
532 721 5
532 747 2
532 894 6
533 535 3
533 597 2
533 713 1
533 721 4
533 725 1
533 742 2
533 813 7
533 835 7
533 845 1
533 856 1
533 870 2
533 910 5
533 936 9
533 987 1
534 542 6
534 596 4
534 655 6
534 713 9
534 718 3
534 729 3
534 757 5
534 789 8
534 840 2
534 881 10
534 906 3
535 556 6
535 574 7
535 575 6
535 622 1
535 650 4
535 666 4
535 776 8
535 828 2
535 833 3
535 872 4
536 546 8
536 557 5
536 561 10
536 569 8
536 607 4
536 667 2
536 716 5
536 718 9
536 740 1
536 742 4
536 804 8
536 836 3
536 840 1
536 886 2
537 586 1
537 763 9
537 829 10
537 834 6
537 877 7
537 903 1
537 908 10
537 916 6
537 953 5
537 975 8
538 542 10
538 547 2
538 552 8
538 576 5
538 589 1
538 590 1
538 734 10
538 740 5
538 778 7
538 793 4
538 796 6
538 850 4
538 856 7
538 864 2
538 887 5
538 897 1
538 931 6
538 968 2
539 547 10
539 589 9
539 618 6
539 668 6
539 853 3
539 955 8
539 959 2
540 543 10
540 653 5
540 679 2
540 719 10
540 827 2
541 543 7
541 619 8
541 637 6
541 793 8
541 797 5
541 799 10
541 810 7
541 832 7
541 929 3
541 942 9
541 981 9
542 546 4
542 615 1
542 674 10
542 742 7
542 765 9
542 879 7
542 894 4
542 918 5
542 928 9
543 557 1
543 592 5
543 613 2
543 661 9
543 663 6
543 702 6
543 737 2
543 748 5
543 786 2
543 806 1
543 841 2
543 882 3
543 930 4
543 934 9
543 955 1
543 988 10
544 562 6
544 574 5
544 576 10
544 603 3
544 638 7
544 741 1
544 745 4
544 893 10
544 975 7
545 563 3
545 601 4
545 674 7
545 678 7
545 694 4
545 712 5
545 728 3
545 733 4
545 768 9
545 784 1
545 852 8
545 887 7
545 967 6
546 561 7
546 669 3
546 726 4
546 731 5
546 738 2
546 777 1
546 849 2
546 852 3
546 941 6
546 975 9
547 553 3
547 613 5
547 656 9
547 687 9
547 701 7
547 721 4
547 758 6
547 771 7
547 789 3
547 870 8
547 936 5
547 939 4
548 573 10
548 627 10
548 693 6
548 698 4
548 706 3
548 808 1
548 872 8
548 902 6
549 628 6
549 685 10
549 686 3
549 719 8
549 852 7
549 855 9
549 878 2
549 894 2
549 917 1
550 587 5
550 642 7
550 738 8
550 774 10
550 832 3
550 865 9
551 593 6
551 661 7
551 810 2
551 852 6
551 855 1
552 595 2
552 717 10
552 742 10
552 917 3
552 930 1
553 611 6
553 643 3
553 740 10
553 786 9
553 810 9
553 830 5
553 857 8
553 931 10
554 556 3
554 631 6
554 666 8
554 703 2
554 742 10
554 744 5
554 777 7
554 789 1
554 879 6
554 906 9
554 991 10
555 781 5
555 789 4
555 887 6
555 918 10
555 950 6
556 585 1
556 601 5
556 602 5
556 611 8
556 615 3
556 799 1
556 833 3
557 568 10
557 602 1
557 605 9
557 606 3
557 648 4
557 673 8
557 722 3
557 918 7
557 923 7
557 928 1
558 569 2
558 627 9
558 652 1
558 787 4
558 845 1
558 872 3
558 905 9
558 913 9
558 947 6
558 955 1
558 965 8
559 565 9
559 625 4
559 694 3
559 698 5
559 703 3
559 731 10
559 830 3
559 899 2
559 934 5
559 944 5
559 987 4
560 629 7
560 632 2
560 728 1
560 752 8
560 796 6
561 647 10
561 720 10
561 758 1
561 789 6
561 810 7
562 621 6
562 651 4
562 681 7
562 726 7
562 966 6
563 589 1
563 590 8
563 596 3
563 618 4
563 672 8
563 696 6
563 707 1
563 911 3
563 960 9
564 596 5
564 676 3
564 685 8
564 733 9
564 791 3
564 847 7
564 868 9
564 870 9
564 876 2
564 896 4
564 926 6
564 928 2
564 952 6
565 566 4
565 595 1
565 597 9
565 728 4
565 731 10
565 736 10
565 763 6
565 764 1
565 766 3
565 772 8
565 773 6
565 863 10
565 904 9
565 983 1
566 640 1
566 666 6
566 742 3
566 750 3
566 813 3
566 832 4
566 942 9
566 950 10
566 970 5
566 971 4
567 571 10
567 727 5
567 766 8
567 787 6
567 905 7
568 585 10
568 614 8
568 619 3
568 621 2
568 638 1
568 751 3
568 775 5
568 781 8
568 816 8
568 827 5
568 847 9
568 932 9
568 980 1
569 571 7
569 719 6
569 760 10
569 794 8
569 804 8
569 836 2
569 838 7
569 844 3
569 850 3
569 916 7
569 984 7
570 620 4
570 663 4
570 783 2
570 822 5
570 873 1
571 684 9
571 839 4
571 876 2
571 891 6
571 973 2
572 642 2
572 695 5
572 737 10
572 884 10
572 915 1
572 922 3
572 990 1
573 611 4
573 627 7
573 712 4
573 750 9
573 751 8
573 784 1
573 921 5
573 957 8
573 990 1
574 582 10
574 592 10
574 656 10
574 677 3
574 709 6
574 747 2
574 857 4
575 587 7
575 593 4
575 678 6
575 679 3
575 697 3
575 744 5
575 821 4
575 845 6
575 847 9
575 850 8
575 864 6
575 913 1
575 944 2
575 977 5
576 578 9
576 586 2
576 673 3
576 715 9
576 801 6
576 914 7
577 586 3
577 641 10
577 764 3
577 837 1
577 876 9
577 904 7
578 693 9
578 815 6
578 912 7
578 926 4
578 954 7
578 979 9
578 988 6
579 584 2
579 601 8
579 639 6
579 659 9
579 955 8
580 597 6
580 665 2
580 679 5
580 790 4
580 862 4
580 887 7
580 973 10
580 979 1
581 586 5
581 605 8
581 621 5
581 775 6
582 643 10
582 702 10
582 747 9
582 749 4
582 774 2
582 803 6
582 822 3
582 846 1
582 912 4
582 961 3
582 972 5
583 603 4
583 621 5
583 626 5
583 680 10
583 728 3
583 795 7
583 857 3
584 604 10
584 640 5
584 680 6
584 710 6
584 755 8
584 774 8
584 784 3
584 795 5
584 852 3
584 859 4
584 901 9
584 933 5
585 594 8
585 636 6
585 669 2
585 727 8
585 740 1
585 783 6
585 807 5
585 850 5
585 918 8
585 919 5
585 947 6
586 655 2
586 717 10
586 723 9
586 778 4
586 818 7
586 884 4
586 908 3
586 933 1
587 644 9
587 668 7
587 722 7
587 850 3
587 921 5
587 951 8
588 649 4
588 791 2
588 821 10
588 937 1
589 661 3
589 678 2
589 705 9
589 749 1
589 772 10
589 908 10
589 935 4
589 945 1
589 960 8
590 609 6
590 630 3
590 644 2
590 650 9
590 693 3
590 743 10
590 760 5
590 846 1
590 901 6
590 962 7
591 708 1
591 875 1
591 903 4
591 924 5
591 941 8
591 968 4
591 975 7
591 980 9
592 697 6
592 767 3
592 773 3
592 832 5
592 857 1
592 913 4
593 612 10
593 655 8
593 664 10
593 723 10
593 760 7
593 786 8
593 833 4
593 850 10
593 890 4
593 919 1
593 985 10
594 613 10
594 644 7
594 703 8
594 769 6
594 789 9
594 802 7
594 856 4
594 899 1
594 964 5
594 974 3
595 617 3
595 645 7
595 648 9
595 652 5
595 661 4
595 772 10
595 827 10
595 899 3
595 962 7
595 998 6
596 600 2
596 656 5
596 667 10
596 739 4
596 875 10
596 960 1
597 657 2
597 659 1
597 669 6
597 690 6
597 720 3
597 819 2
597 854 7
597 863 5
597 880 9
597 882 4
598 631 1
598 789 2
598 794 3
598 850 2
598 904 8
598 930 7
598 949 10
599 688 7
599 716 7
599 787 8
599 857 4
599 858 9
599 926 3
599 959 9
600 705 6
600 844 5
600 896 4
601 615 3
601 662 7
601 741 8
601 918 5
601 938 7
602 604 7
602 638 9
602 670 5
602 704 8
602 747 10
602 790 7
602 792 10
602 795 2
602 916 3
603 637 3
603 639 8
603 680 8
603 922 7
603 980 6
604 859 6
604 910 7
604 986 3
605 629 5
605 630 10
605 669 8
605 750 10
605 871 3
605 894 7
605 947 9
605 953 5
606 694 4
606 712 1
606 717 7
606 737 6
606 869 7
606 871 8
606 933 9
606 965 7
606 973 1
606 987 5
606 994 9
606 996 10
607 709 1
607 726 9
607 875 6
607 889 4
607 899 1
607 912 3
608 754 5
608 813 1
608 842 6
608 852 8
608 970 2
609 622 10
609 743 7
609 842 9
609 846 6
609 918 7
609 919 1
609 972 2
610 628 8
610 631 5
610 677 1
610 772 10
610 792 3
610 797 3
610 832 3
610 878 8
610 986 6
611 614 3
611 620 7
611 627 2
611 771 7
611 779 3
611 802 6
611 832 3
611 872 5
611 916 8
612 628 9
612 759 9
612 966 7
612 983 10
613 634 8
613 689 10
613 758 2
613 810 7
613 843 5
613 974 4
613 979 9
614 674 6
614 684 10
614 719 6
614 734 8
614 748 1
614 772 8
614 783 7
614 849 8
614 875 6
614 944 10
614 974 6
614 977 3
614 987 4
615 619 3
615 697 5
615 711 8
615 713 2
615 852 6
615 904 8
615 939 10
615 996 1
616 698 8
616 715 1
616 731 3
616 804 1
616 807 10
616 834 5
616 863 4
616 868 3
616 913 1
617 670 6
617 709 7
617 730 3
617 852 10
617 893 5
617 946 2
617 947 2
618 653 7
618 663 3
618 696 2
618 758 4
618 780 7
618 935 1
619 630 9
619 697 2
619 788 1
619 825 8
619 833 8
619 854 4
619 915 1
619 949 1
619 962 4
619 971 6
620 650 7
620 783 9
620 852 2
620 886 1
620 923 8
621 625 9
621 685 7
621 705 10
621 711 3
621 785 6
621 859 9
621 864 1
621 930 3
621 944 8
622 623 2
622 689 6
622 697 10
622 731 6
622 815 1
622 985 5
623 701 10
623 765 1
623 778 9
623 853 9
623 908 8
623 949 9
623 950 8
624 700 8
624 728 5
624 801 10
624 828 2
624 853 2
624 914 2
624 981 6
625 704 9
625 762 6
625 828 3
625 830 8
625 849 6
625 949 5
625 977 9
626 630 8
626 710 1
626 793 8
626 867 6
627 681 5
627 784 8
627 809 6
627 836 7
627 890 2
627 951 4
628 708 1
628 766 6
628 818 5
628 834 6
628 863 4
628 894 4
628 909 3
628 941 8
629 654 4
629 694 4
629 733 8
629 740 10
629 833 9
629 834 4
629 848 7
629 881 3
629 883 2
629 889 6
629 892 3
629 930 8
630 647 2
630 675 2
630 750 2
630 847 9
630 850 7
630 931 5
631 666 9
631 844 4
631 912 1
632 640 8
632 797 6
632 819 3
632 893 5
632 895 5
632 903 10
632 991 1
633 638 9
633 731 8
633 895 4
633 950 9
633 961 8
633 968 6
634 670 2
634 674 5
634 726 3
634 740 2
634 829 7
634 995 10
635 666 10
635 676 2
635 717 5
635 830 10
635 886 1
635 899 1
636 694 7
636 802 5
636 817 7
636 846 7
636 873 6
636 977 3
636 993 3
636 997 6
637 655 8
637 670 5
637 785 9
637 828 2
637 835 5
637 875 1
638 686 2
638 711 1
638 851 6
638 864 1
638 979 4
639 671 4
639 718 10
639 792 5
639 969 9
640 707 5
640 763 10
640 855 3
640 996 3
641 642 1
641 651 3
641 655 10
641 663 6
641 686 3
641 687 4
641 693 5
641 761 7
642 668 9
642 699 1
642 762 2
642 767 2
642 820 10
642 908 9
643 664 7
643 684 2
643 721 5
643 749 2
643 842 1
643 865 10
643 931 3
643 957 8
644 745 9
644 764 2
644 781 5
644 789 7
644 870 7
644 897 8
644 898 9
644 920 7
644 944 4
644 987 9
645 850 6
645 902 6
645 913 4
645 991 4
646 711 9
646 793 2
646 976 10
646 999 4
647 672 9
647 750 10
647 827 10
647 982 5
648 707 6
648 783 6
648 793 6
648 885 9
648 944 10
648 972 8
649 688 3
649 814 5
649 910 9
649 947 2
649 956 4
650 696 3
650 921 5
650 934 2
650 935 7
650 961 9
651 749 6
651 810 5
651 888 2
651 889 7
651 912 8
651 980 3
652 667 1
652 788 5
652 804 4
652 866 1
652 948 4
652 957 2
652 970 4
653 889 6
653 893 2
653 905 5
654 666 3
654 755 9
654 759 7
654 877 2
655 706 7
655 750 3
655 862 1
655 887 2
655 946 2
656 703 4
656 841 8
656 857 1
657 668 2
657 715 8
657 736 8
657 812 10
657 819 4
657 854 10
657 863 3
657 912 6
657 937 7
658 681 8
658 783 3
658 822 2
658 878 8
658 879 4
658 886 7
658 911 7
658 919 2
659 684 2
659 733 7
659 751 1
659 792 3
659 815 10
659 834 6
659 853 8
659 857 6
659 876 4
659 948 1
660 676 5
660 683 9
660 711 10
660 748 2
660 968 3
661 663 9
661 691 9
661 699 10
661 741 4
661 797 7
661 900 5
662 700 6
662 757 5
662 772 5
662 822 5
662 855 4
662 896 1
662 949 4
662 971 4
663 743 4
663 757 1
663 785 9
663 935 10
663 981 10
664 666 2
664 709 1
664 713 4
664 725 4
664 740 2
664 921 9
664 958 8
664 997 3
665 740 7
665 796 9
665 862 4
665 884 10
665 914 8
665 977 3
665 991 10
666 711 10
666 717 8
666 869 1
666 906 8
667 712 6
667 721 2
667 725 9
667 818 6
667 824 1
667 865 8
667 948 3
667 952 4
667 982 9
667 996 8
668 733 3
668 738 5
668 835 9
669 701 3
669 702 8
669 716 8
669 720 1
669 738 5
669 759 9
669 779 5
669 864 8
669 958 8
669 975 1
670 715 7
670 745 3
670 791 2
670 886 8
670 899 10
670 912 3
670 923 6
670 928 2
670 981 7
671 784 8
671 795 1
671 807 5
671 949 3
671 963 6
672 681 1
672 781 10
672 793 2
672 808 1
672 819 4
672 824 10
672 900 9
672 952 7
672 992 4
672 995 6
673 791 7
673 940 4
673 941 2
673 980 3
674 743 7
674 891 8
674 906 1
674 976 2
675 735 4
675 821 7
675 888 1
675 898 5
675 899 6
675 913 7
675 932 8
675 948 1
675 999 5
676 781 6
676 939 6
676 977 6
676 998 4
677 691 8
677 740 8
677 845 4
677 914 2
677 929 3
677 990 5
678 689 6
678 811 3
678 854 7
678 908 6
678 959 8
678 989 9
679 696 5
679 725 10
679 780 9
679 787 8
679 862 5
679 895 3
679 911 8
680 763 3
680 768 2
680 781 8
680 883 2
680 889 9
680 958 3
680 960 10
680 962 3
681 684 3
681 806 1
681 820 3
681 913 6
682 691 7
682 724 6
682 770 9
682 805 3
682 820 8
682 972 7
683 771 5
684 704 2
684 793 9
684 835 9
684 856 6
684 868 5
684 990 3
685 705 7
685 737 10
685 800 5
685 965 5
686 714 10
686 747 9
686 769 4
686 803 4
686 812 1
686 821 2
686 827 5
686 834 9
686 880 7
687 780 6
687 815 8
687 872 1
687 928 2
688 735 9
688 785 6
688 835 3
688 890 2
688 947 4
689 769 8
689 770 1
689 834 5
689 866 2
689 884 8
689 979 10
690 730 1
690 750 2
690 767 10
690 782 4
690 784 1
690 800 2
690 868 4
690 885 5
690 917 10
690 949 7
690 959 8
690 964 9
691 821 6
691 911 8
691 942 3
691 979 1
692 706 4
692 748 9
692 816 9
692 831 4
692 939 7
692 958 6
693 742 5
693 778 1
693 837 8
694 779 2
694 802 7
694 875 5
694 890 2
694 926 5
695 739 6
695 769 9
695 812 6
695 987 6
695 990 8
696 744 4
696 810 7
696 921 10
697 730 5
697 742 6
697 762 6
697 872 1
697 922 10
697 974 3
698 786 2
698 833 1
698 913 9
698 915 2
699 711 6
699 716 7
699 728 7
699 765 8
699 797 4
699 826 9
699 830 9
699 861 7
699 878 8
699 902 7
699 917 10
699 925 8
700 821 2
700 840 3
700 915 4
700 991 8
700 994 3
701 719 4
701 831 10
701 839 1
701 888 1
701 895 5
701 902 2
701 911 10
702 760 4
702 796 5
702 865 7
702 873 2
702 878 4
702 969 3
703 717 2
703 718 10
703 745 3
703 784 3
703 814 3
703 969 9
704 790 10
704 817 2
704 948 2
704 971 10
705 827 4
705 941 9
705 942 7
705 992 2
706 712 6
706 796 4
706 808 2
706 812 2
706 837 1
706 867 5
706 880 4
707 717 6
707 741 10
707 764 2
707 834 9
707 928 1
707 958 1
708 721 10
708 909 9
708 925 10
708 957 3
708 992 9
708 994 3
709 754 2
709 817 4
709 823 5
709 954 7
710 841 4
710 853 5
710 909 7
710 925 6
711 766 2
711 793 1
711 862 2
711 900 4
711 960 3
711 972 1
712 740 8
712 751 1
712 808 7
712 815 1
712 833 2
712 961 1
712 971 8
713 755 1
713 765 7
713 852 10
713 879 2
713 921 9
713 938 2
713 973 6
714 782 9
714 901 2
714 905 10
714 914 6
715 761 5
715 911 4
716 777 2
716 805 6
716 813 2
716 898 3
716 926 9
716 933 1
716 989 8
717 774 10
717 818 2
717 942 10
717 945 8
717 969 4
717 990 3
718 752 4
718 813 6
718 856 3
718 877 2
718 941 8
718 959 5
718 979 4
719 725 1
719 727 7
719 913 6
719 950 4
719 976 8
720 927 7
720 992 5
721 737 8
721 757 5
721 809 10
721 869 5
721 884 10
721 992 7
722 763 1
722 979 3
723 789 1
723 964 10
723 970 5
724 734 6
724 795 7
724 814 3
724 844 7
724 890 4
724 950 5
724 953 3
724 974 5
725 809 7
725 867 5
725 996 3
725 999 10
726 734 10
726 817 5
726 982 1
727 736 9
727 788 2
727 867 10
727 917 8
727 970 3
728 742 3
728 771 8
728 789 10
728 795 3
728 811 3
728 830 1
728 832 6
728 890 1
728 958 6
728 976 2
729 751 1
729 919 6
730 760 7
730 782 8
730 869 3
730 973 8
730 974 8
731 735 2
731 769 10
731 786 10
731 873 7
731 875 6
731 891 4
731 960 2
731 962 2
731 991 6
732 949 8
732 993 2
733 789 4
733 875 4
733 935 9
733 989 8
734 747 8
734 761 2
734 805 7
734 821 6
734 875 9
734 929 2
734 997 8
734 998 9
735 756 2
735 895 5
735 947 2
735 957 3
736 796 8
736 839 3
736 858 8
736 887 7
736 889 10
736 912 4
736 979 8
736 990 1
737 784 3
737 795 4
737 801 6
737 958 10
737 967 5
738 768 8
738 789 3
738 873 4
738 912 8
739 774 9
739 793 5
739 807 4
739 909 5
739 989 1
740 792 4
740 839 6
740 884 1
740 938 6
740 957 6
741 840 2
741 861 4
741 880 3
741 919 6
742 817 2
742 886 3
742 958 1
742 975 1
743 752 2
743 790 8
743 892 9
743 937 6
743 944 5
744 893 3
744 975 2
745 771 2
745 890 2
746 819 2
746 844 4
746 845 8
746 893 10
746 935 2
747 922 7
747 936 6
748 806 7
748 939 8
748 973 6
749 767 8
749 774 5
749 839 1
749 846 10
749 864 3
749 908 3
749 920 4
749 934 10
750 885 3
750 914 7
750 919 7
750 922 7
750 924 5
750 926 9
750 974 6
751 768 1
751 797 8
751 949 9
752 775 1
752 799 2
752 893 2
753 825 8
753 937 1
753 962 4
754 762 8
754 859 5
755 764 3
755 930 5
756 798 4
756 801 8
756 844 1
756 869 8
756 914 7
756 970 7
756 983 4
756 987 10
757 761 7
757 885 4
757 927 3
758 782 2
758 820 4
758 840 4
758 854 6
758 961 8
758 988 9
759 808 3
759 907 10
760 767 2
760 792 6
760 799 7
760 841 9
760 906 8
760 938 10
760 988 5
761 880 4
761 999 4
762 792 8
762 795 3
762 810 3
762 875 7
763 811 7
763 815 10
763 847 7
763 855 2
763 864 7
763 869 10
763 884 1
763 888 8
764 782 5
764 931 10
764 954 9
764 991 9
764 993 7
765 868 1
765 918 7
765 938 7
765 982 5
766 784 3
766 854 1
766 859 5
766 870 5
766 883 9
767 786 6
767 872 3
767 875 9
768 831 10
768 835 2
768 866 4
768 916 10
768 934 10
769 807 10
769 859 7
770 774 5
770 823 1
770 853 5
770 870 1
770 905 2
770 933 8
770 974 10
770 980 7
770 997 3
771 830 10
771 853 5
771 864 4
771 879 5
771 973 6
772 790 10
772 887 7
772 898 1
772 934 7
772 945 2
772 993 7
773 999 1
774 793 10
774 955 4
774 970 6
775 885 4
775 902 4
775 922 3
775 977 2
775 982 10
776 800 2
776 841 1
776 990 6
777 874 5
777 886 2
777 927 1
777 950 2
778 792 2
778 816 9
778 906 6
778 912 2
778 937 8
778 945 5
779 780 4
779 791 10
779 961 1
779 967 4
779 992 2
780 880 2
780 883 2
780 957 10
781 786 4
781 791 9
781 809 8
781 861 3
781 874 2
781 887 5
782 829 1
782 876 6
782 938 9
782 975 5
782 995 2
783 843 6
783 896 6
783 942 5
784 850 10
784 854 3
784 881 6
784 896 3
784 941 5
784 942 1
784 987 4
785 959 7
785 973 1
786 817 7
786 833 5
786 840 2
786 940 2
787 832 8
787 847 6
787 851 2
787 902 4
787 917 7
787 941 5
787 977 10
787 995 1
788 998 6
789 997 5
790 848 5
790 914 4
790 955 7
790 967 1
791 809 5
791 859 7
791 880 9
791 952 7
791 986 7
791 997 3
792 799 1
792 822 1
793 800 2
793 920 4
793 964 3
793 974 7
793 981 2
793 997 10
794 820 9
794 885 4
794 932 8
794 965 6
794 979 6
795 845 1
795 976 4
796 813 1
796 956 3
796 973 5
796 992 6
797 813 1
797 987 9
797 997 3
798 850 5
798 855 5
798 874 5
798 937 5
799 827 1
799 876 6
799 908 4
799 951 9
799 990 8
800 820 8
800 845 8
800 864 5
800 876 7
800 994 1
801 818 3
801 881 8
801 898 1
801 902 7
801 905 2
801 908 2
801 974 5
802 932 8
802 949 5
802 983 4
802 998 5
803 805 5
803 843 2
804 902 8
804 946 2
805 909 3
805 948 8
805 956 7
805 978 9
806 862 9
806 876 5
806 968 5
807 926 9
808 826 6
808 884 9
808 893 1
809 890 8
809 912 6
809 920 3
809 952 2
809 966 10
809 997 9
810 911 5
810 939 3
810 953 1
810 968 1
811 871 1
811 891 7
811 898 4
811 936 9
811 949 5
811 971 2
811 977 5
812 817 9
812 972 5
812 979 2
812 991 9
813 846 10
813 907 2
813 995 2
814 819 2
814 971 1
814 997 6
815 854 1
815 887 10
815 934 6
815 943 9
815 969 1
816 820 8
816 834 4
816 918 1
816 939 8
816 977 10
816 984 1
817 921 5
817 964 10
817 989 5
817 994 6
818 862 6
818 883 8
819 865 10
819 882 6
819 931 10
820 833 2
820 870 3
820 881 3
820 915 5
820 959 2
821 845 6
821 915 7
821 920 4
821 928 2
822 826 2
822 834 2
822 985 9
822 988 4
823 845 3
823 854 4
823 933 1
823 944 8
824 856 4
825 954 9
825 984 5
826 847 10
826 912 6
826 969 8
827 935 10
828 860 2
828 885 8
828 929 7
828 943 9
828 962 8
828 966 8
829 938 3
829 969 5
830 887 7
830 902 5
830 907 4
830 917 3
831 859 10
831 960 8
831 984 4
832 843 5
832 867 4
832 913 5
832 957 3
833 888 10
834 842 9
834 958 5
835 843 3
835 943 9
835 996 8
836 856 10
836 932 9
837 843 4
837 914 2
837 957 9
837 987 1
837 994 8
838 852 1
838 874 9
838 894 1
838 954 4
839 851 7
839 916 3
839 918 4
839 946 10
839 964 6
839 987 4
840 849 9
840 911 9
840 926 7
840 929 1
840 948 5
841 875 5
841 917 4
841 974 7
841 985 6
842 845 7
842 875 4
843 923 10
843 960 6
844 935 7
844 968 4
845 877 7
845 880 2
845 891 7
845 908 4
845 912 10
845 941 7
845 950 2
845 975 8
846 862 7
846 883 9
846 942 1
847 867 1
847 868 2
847 908 2
847 912 6
847 956 7
848 915 6
848 939 1
848 965 6
848 987 8
849 895 6
849 907 1
849 988 9
850 851 10
850 887 4
850 958 3
851 872 4
851 907 6
851 953 1
851 970 3
851 979 8
851 980 10
851 988 2
852 916 7
852 928 1
853 862 9
853 896 2
853 963 10
853 970 4
853 992 7
854 907 2
854 951 9
855 872 7
855 940 7
855 976 3
856 970 8
857 861 6
857 936 10
857 973 2
858 877 3
858 900 2
858 945 3
858 971 5
858 982 4
859 871 9
859 880 2
859 890 5
859 914 3
859 993 3
860 936 9
860 979 9
861 915 1
862 906 6
862 934 9
862 936 7
862 942 6
862 947 5
863 947 10
863 973 9
864 979 2
865 890 9
865 920 2
865 975 7
866 960 5
867 943 10
867 948 9
867 956 10
867 964 3
868 893 7
868 925 8
868 992 5
868 998 10
869 877 4
869 957 2
869 981 7
869 993 3
870 916 6
870 923 2
870 930 8
870 973 10
870 988 1
871 906 7
873 962 5
874 910 9
876 883 4
876 923 10
876 953 8
877 885 10
877 958 8
877 980 4
878 952 9
878 966 8
879 924 8
879 960 4
879 991 7
880 930 8
880 938 9
880 946 6
881 918 3
881 983 4
882 961 5
882 974 3
883 921 4
883 962 5
884 907 8
885 922 5
886 924 9
886 932 6
886 948 2
886 977 2
887 916 3
887 936 8
887 940 1
887 949 2
888 945 6
889 949 3
889 969 3
891 928 8
891 965 10
892 932 1
892 995 3
895 899 3
895 952 3
895 997 10
896 943 9
896 986 7
897 936 2
897 961 9
897 975 6
898 908 5
898 918 6
898 987 8
899 904 9
900 954 3
901 920 4
901 925 6
901 952 4
901 969 8
902 942 8
902 983 2
903 932 1
904 913 6
904 939 2
905 923 9
905 929 7
905 961 9
905 986 6
906 908 3
906 962 3
907 936 6
907 959 8
908 926 10
908 971 10
910 941 4
911 920 9
911 927 9
912 928 5
912 991 4
913 956 10
913 960 8
914 959 4
915 996 2
916 962 5
916 980 7
916 994 8
917 924 3
917 962 4
918 928 9
918 936 4
918 966 8
919 930 6
919 948 2
920 934 8
920 970 3
921 952 2
922 927 9
922 929 4
922 968 3
923 971 5
924 992 3
925 950 9
925 984 6
926 949 4
926 989 9
931 988 7
932 959 4
932 993 10
933 969 9
935 944 1
936 958 9
936 990 5
937 987 9
939 941 6
940 967 10
940 969 10
940 995 8
941 993 3
943 962 10
945 952 6
946 967 9
946 974 8
946 988 1
948 961 6
951 993 6
952 970 3
952 984 9
954 984 5
955 957 3
956 962 10
957 988 10
957 991 2
960 994 9
960 999 10
962 988 5
963 985 2
966 971 8
969 987 8
970 990 7
974 977 3
977 995 8
981 988 8
984 996 1
989 998 10
994 997 10