1000 9888
0 61 5
0 74 5
0 186 9
0 195 5
0 202 1
0 240 10
0 246 5
0 293 2
0 330 4
0 354 10
0 381 7
0 401 5
0 447 9
0 488 7
0 516 6
0 529 7
0 589 5
0 619 2
0 705 1
0 869 3
0 884 7
0 900 1
0 907 2
0 925 8
0 933 3
0 973 8
1 8 7
1 151 10
1 159 2
1 170 8
1 205 9
1 269 1
1 330 6
1 421 2
1 448 5
1 549 2
1 591 5
1 605 5
1 614 8
1 721 8
1 759 9
1 905 4
1 931 2
1 976 6
2 21 8
2 90 1
2 122 2
2 143 4
2 175 2
2 203 6
2 209 4
2 213 1
2 447 1
2 457 9
2 485 5
2 489 2
2 654 2
2 670 5
2 812 1
2 861 10
2 893 9
2 922 4
2 945 2
2 973 9
2 975 2
3 38 10
3 74 1
3 106 5
3 120 1
3 146 5
3 151 5
3 223 8
3 242 6
3 282 7
3 296 6
3 396 9
3 425 8
3 451 9
3 601 3
3 604 10
3 680 1
3 739 4
3 742 5
3 745 8
3 769 5
3 775 6
3 795 3
3 887 3
4 29 8
4 111 9
4 263 10
4 373 5
4 410 10
4 527 2
4 545 2
4 606 4
4 683 2
4 699 8
4 750 3
4 789 6
4 800 5
4 836 3
4 872 6
4 883 8
4 891 4
4 950 6
4 963 2
4 979 10
5 11 10
5 25 2
5 30 2
5 33 8
5 67 1
5 165 8
5 207 10
5 234 10
5 276 5
5 288 4
5 324 10
5 334 6
5 467 10
5 543 3
5 555 8
5 599 4
5 672 6
5 685 3
5 740 2
5 763 7
5 788 9
5 793 1
5 890 8
5 912 10
5 931 5
5 952 2
6 46 3
6 68 6
6 86 3
6 224 7
6 327 7
6 330 3
6 414 1
6 442 9
6 487 8
6 495 4
6 564 3
6 578 10
6 593 7
6 607 10
6 629 5
6 712 8
6 716 9
6 726 8
6 777 7
6 835 5
6 841 9
6 854 8
6 867 1
6 905 4
7 19 4
7 56 3
7 224 2
7 237 8
7 442 6
7 574 7
7 587 3
7 598 5
7 599 5
7 673 3
7 691 7
7 695 10
7 750 5
7 757 7
7 766 9
7 949 10
7 980 5
8 32 7
8 65 4
8 188 7
8 198 5
8 213 9
8 225 4
8 337 9
8 340 1
8 360 5
8 383 8
8 385 4
8 467 9
8 615 2
8 718 3
8 735 10
8 756 4
8 758 8
8 767 2
8 771 9
8 836 1
9 32 8
9 33 10
9 38 7
9 92 7
9 124 10
9 185 6
9 187 5
9 192 5
9 208 1
9 225 10
9 321 7
9 386 5
9 468 4
9 486 4
9 517 7
9 586 10
9 654 8
9 743 4
9 766 7
9 964 9
9 989 10
10 18 8
10 66 7
10 258 8
10 269 9
10 407 10
10 420 4
10 581 9
10 687 8
10 729 7
10 743 10
10 778 9
10 785 8
10 806 8
10 903 9
11 37 3
11 69 10
11 109 3
11 168 6
11 241 7
11 251 2
11 324 8
11 325 10
11 353 9
11 389 4
11 455 4
11 519 4
11 523 4
11 612 2
11 659 9
11 703 6
11 761 6
11 868 8
12 13 7
12 69 3
12 77 9
12 78 5
12 118 7
12 157 7
12 243 2
12 272 1
12 375 1
12 408 8
12 456 2
12 472 2
12 500 10
12 502 4
12 518 5
12 607 4
12 645 7
12 695 1
12 775 4
12 985 9
13 29 7
13 55 9
13 59 8
13 74 6
13 195 4
13 209 8
13 218 7
13 274 2
13 287 7
13 383 8
13 396 4
13 430 1
13 435 2
13 446 8
13 464 9
13 545 5
13 570 5
13 822 4
13 951 4
14 102 3
14 181 10
14 244 1
14 257 3
14 274 8
14 345 4
14 378 9
14 500 3
14 505 3
14 517 8
14 530 6
14 570 4
14 597 9
14 736 3
14 773 1
14 783 5
14 794 2
14 814 8
14 857 9
14 996 7
15 37 5
15 72 1
15 103 6
15 115 1
15 202 1
15 204 3
15 333 2
15 410 6
15 426 2
15 475 7
15 495 2
15 508 5
15 525 4
15 530 1
15 569 6
15 596 4
15 641 6
15 650 8
15 658 7
15 669 3
15 691 4
15 733 9
15 889 5
15 898 5
15 934 2
15 953 4
15 999 1
16 25 4
16 49 5
16 76 6
16 84 3
16 159 6
16 199 10
16 316 7
16 374 5
16 458 9
16 501 9
16 562 4
16 656 3
16 730 4
16 787 6
16 873 9
16 941 2
16 955 4
17 64 5
17 105 3
17 180 10
17 213 10
17 234 10
17 284 3
17 306 4
17 539 2
17 678 2
17 733 10
17 867 9
17 874 3
17 981 5
18 46 5
18 93 1
18 145 2
18 228 4
18 267 1
18 357 4
18 391 9
18 406 3
18 427 4
18 439 6
18 441 4
18 452 4
18 578 4
18 604 9
18 724 2
18 770 5
18 888 4
18 922 6
19 97 5
19 158 4
19 312 7
19 406 10
19 457 5
19 464 6
19 468 3
19 658 10
19 670 10
19 682 10
19 693 6
19 722 6
19 773 6
19 817 2
19 847 2
19 930 3
20 23 8
20 136 3
20 182 5
20 237 6
20 267 1
20 299 3
20 326 4
20 383 6
20 386 2
20 412 4
20 415 3
20 429 9
20 438 6
20 476 8
20 521 4
20 659 7
20 668 4
20 674 1
20 785 4
20 807 7
20 814 1
20 853 1
20 915 3
20 946 4
20 984 4
21 86 5
21 107 8
21 163 2
21 180 8
21 194 4
21 199 8
21 248 1
21 284 3
21 304 4
21 343 4
21 344 1
21 373 7
21 462 4
21 470 6
21 482 10
21 494 4
21 500 9
21 577 2
21 636 5
21 645 8
21 651 1
21 656 7
21 692 6
21 835 5
21 888 7
21 890 8
21 907 9
21 927 2
21 970 4
22 68 2
22 81 4
22 88 7
22 101 10
22 228 6
22 272 9
22 343 1
22 419 3
22 435 8
22 465 3
22 495 9
22 585 8
22 622 9
22 639 9
22 648 4
22 695 8
22 719 8
22 747 8
22 861 9
22 874 2
22 902 10
22 948 2
22 955 5
22 974 1
22 993 8
23 95 9
23 133 3
23 135 2
23 360 8
23 385 1
23 435 6
23 474 9
23 533 4
23 548 7
23 602 9
23 625 3
23 670 9
23 695 6
23 747 5
23 785 1
23 804 3
23 829 1
23 863 2
23 908 7
23 948 10
23 967 7
23 979 9
24 92 8
24 110 10
24 165 4
24 192 6
24 207 7
24 250 1
24 339 9
24 363 9
24 405 4
24 416 1
24 435 8
24 517 5
24 548 9
24 635 7
24 672 9
24 800 1
24 824 3
24 877 8
24 924 8
24 977 9
24 993 8
25 29 9
25 142 1
25 158 1
25 314 1
25 326 1
25 333 7
25 383 5
25 388 6
25 406 5
25 487 1
25 541 1
25 551 1
25 581 6
25 600 10
25 608 6
25 635 8
25 678 5
25 796 10
25 827 8
25 844 1
26 38 9
26 139 9
26 140 9
26 141 2
26 191 5
26 248 10
26 336 3
26 358 7
26 367 7
26 461 9
26 494 2
26 686 7
26 712 5
26 741 10
26 794 3
26 844 1
26 860 3
26 880 7
27 71 8
27 79 6
27 108 5
27 221 5
27 271 7
27 426 7
27 451 4
27 554 3
27 784 6
27 811 10
27 860 1
27 901 1
27 917 6
27 950 10
27 981 8
27 999 7
28 31 4
28 93 8
28 134 5
28 302 8
28 365 3
28 368 8
28 411 5
28 420 6
28 435 3
28 593 10
28 658 3
28 726 5
28 746 5
28 766 3
28 797 5
28 815 8
28 893 9
28 914 6
28 917 8
29 85 1
29 115 4
29 137 3
29 140 4
29 142 8
29 172 9
29 173 7
29 187 1
29 209 3
29 270 2
29 283 2
29 308 6
29 406 10
29 438 1
29 462 9
29 522 4
29 576 6
29 590 8
29 652 9
29 744 5
29 809 10
29 813 6
29 935 9
29 942 5
29 961 4
29 965 10
29 972 2
30 33 3
30 86 10
30 87 8
30 153 6
30 163 8
30 229 3
30 258 1
30 275 6
30 324 7
30 352 5
30 375 5
30 382 2
30 459 5
30 503 3
30 509 3
30 542 5
30 553 4
30 587 8
30 656 7
30 710 2
30 730 7
30 740 4
30 856 6
30 859 3
30 903 9
30 951 7
30 978 6
31 42 4
31 107 5
31 112 8
31 164 2
31 399 1
31 434 9
31 531 8
31 616 1
31 809 6
31 820 7
31 852 6
31 979 4
32 42 4
32 45 6
32 58 9
32 89 1
32 241 1
32 261 10
32 299 5
32 379 6
32 479 5
32 486 9
32 643 7
32 653 10
32 657 3
32 688 2
32 724 4
32 747 9
32 899 7
32 909 1
32 933 9
32 945 3
32 973 10
33 49 3
33 54 6
33 103 2
33 104 3
33 172 7
33 176 1
33 181 5
33 237 3
33 245 6
33 290 5
33 291 1
33 385 8
33 496 6
33 509 9
33 532 3
33 555 5
33 681 10
33 688 4
33 726 2
33 892 5
33 982 4
33 983 7
34 62 2
34 67 8
34 143 10
34 217 5
34 222 9
34 228 9
34 335 10
34 364 7
34 369 10
34 508 5
34 529 9
34 546 9
34 552 3
34 647 2
34 744 10
34 780 8
34 789 2
34 812 3
34 897 4
35 39 3
35 148 8
35 322 7
35 388 5
35 415 6
35 448 9
35 467 3
35 550 9
35 551 5
35 590 10
35 592 3
35 595 1
35 621 8
35 640 9
35 646 9
35 666 7
35 674 6
35 688 9
35 753 10
35 755 4
35 774 2
35 841 5
35 904 10
35 939 1
35 990 4
36 122 4
36 197 3
36 255 3
36 324 2
36 370 8
36 477 7
36 554 10
36 562 7
36 569 7
36 709 6
36 832 8
36 846 2
36 860 2
36 867 4
36 991 10
37 77 1
37 151 1
37 154 10
37 201 10
37 268 7
37 331 7
37 399 10
37 434 10
37 569 5
37 609 7
37 640 10
37 673 8
37 681 2
37 734 7
37 742 7
37 756 3
37 795 8
37 846 7
37 891 9
38 65 7
38 112 6
38 132 6
38 202 2
38 319 8
38 385 6
38 414 4
38 453 3
38 565 7
38 704 3
38 834 6
38 941 10
39 184 1
39 230 2
39 238 9
39 272 4
39 291 4
39 296 1
39 323 5
39 345 10
39 372 2
39 625 9
39 704 1
39 741 8
39 867 1
39 906 3
39 928 4
40 77 10
40 110 1
40 123 9
40 130 7
40 168 9
40 236 5
40 301 7
40 321 6
40 331 1
40 472 9
40 501 10
40 512 4
40 615 1
40 673 1
40 876 7
40 968 8
41 103 2
41 106 6
41 189 7
41 225 3
41 275 2
41 312 1
41 368 1
41 375 1
41 433 3
41 461 1
41 717 7
41 761 6
41 884 7
41 893 8
41 923 6
41 998 6
42 60 8
42 65 9
42 116 8
42 175 10
42 258 4
42 384 5
42 437 6
42 438 5
42 485 3
42 503 3
42 516 2
42 563 7
42 607 9
42 743 10
42 836 10
42 878 10
43 87 8
43 112 9
43 130 2
43 162 8
43 197 3
43 221 3
43 287 9
43 302 6
43 314 8
43 352 4
43 455 2
43 463 1
43 469 10
43 472 1
43 604 7
43 676 4
43 686 10
43 698 2
43 707 2
43 737 7
43 918 9
43 950 3
44 168 4
44 247 3
44 302 5
44 412 9
44 449 6
44 478 3
44 504 2
44 506 10
44 521 2
44 589 3
44 590 1
44 596 3
44 655 2
44 690 8
44 705 6
44 756 4
44 758 6
44 843 10
45 85 5
45 113 5
45 135 3
45 239 2
45 366 2
45 368 3
45 380 4
45 407 1
45 412 3
45 416 8
45 452 10
45 480 5
45 517 6
45 577 4
45 659 6
45 744 6
45 754 3
45 843 5
45 846 2
45 856 7
46 94 4
46 135 10
46 196 6
46 218 8
46 253 7
46 281 3
46 335 2
46 365 5
46 396 5
46 506 5
46 622 10
46 644 2
46 695 3
46 749 7
46 779 2
46 782 10
46 829 10
46 876 7
46 918 4
46 934 2
46 994 3
47 68 10
47 94 7
47 107 4
47 147 9
47 161 6
47 173 4
47 174 6
47 213 9
47 262 7
47 276 4
47 362 9
47 434 9
47 509 7
47 563 6
47 569 3
47 742 5
47 745 1
47 805 10
47 860 8
47 870 6
47 931 6
47 961 2
47 965 9
47 993 6
48 67 5
48 98 4
48 144 4
48 157 1
48 280 10
48 304 9
48 401 6
48 427 6
48 487 6
48 564 6
48 570 7
48 622 10
48 649 4
48 811 6
48 971 4
49 54 10
49 85 6
49 184 4
49 358 1
49 360 3
49 366 6
49 445 10
49 471 6
49 523 4
49 604 4
49 647 1
49 671 2
49 728 1
49 783 10
49 790 10
49 814 8
49 827 7
49 859 3
49 883 3
49 901 1
49 903 3
49 943 1
49 948 2
49 954 2
49 970 1
49 974 9
50 62 9
50 75 4
50 226 7
50 451 3
50 464 4
50 522 7
50 639 8
50 659 5
50 765 4
50 856 4
50 859 6
50 909 8
50 971 7
50 981 10
51 88 2
51 228 4
51 322 3
51 399 10
51 431 10
51 436 6
51 488 7
51 614 3
51 616 6
51 871 7
52 97 7
52 164 10
52 177 2
52 342 9
52 448 9
52 523 5
52 542 5
52 608 8
52 653 4
52 669 3
52 721 6
52 728 5
52 750 7
52 807 6
52 891 2
52 933 7
52 950 10
52 970 6
53 63 2
53 81 1
53 184 7
53 250 5
53 284 8
53 289 7
53 308 10
53 381 8
53 550 8
53 654 9
53 753 7
53 958 9
53 974 4
53 985 8
54 167 2
54 228 5
54 230 10
54 234 6
54 239 9
54 378 8
54 397 4
54 455 2
54 612 4
54 626 8
54 829 4
54 900 9
55 67 7
55 82 10
55 87 2
55 90 7
55 105 3
55 116 3
55 159 3
55 314 10
55 383 5
55 484 3
55 549 10
55 587 7
55 614 2
56 69 4
56 138 3
56 170 6
56 194 10
56 251 5
56 290 4
56 313 9
56 318 5
56 352 5
56 353 7
56 419 1
56 479 9
56 568 4
56 591 4
56 595 10
56 619 3
56 643 3
56 776 10
56 802 2
56 920 1
56 921 2
56 935 9
57 160 5
57 247 4
57 250 3
57 271 5
57 276 1
57 338 7
57 348 9
57 382 7
57 412 2
57 413 9
57 483 6
57 578 1
57 600 7
57 726 9
57 826 4
57 940 7
57 942 5
58 93 8
58 103 3
58 164 10
58 170 4
58 172 6
58 234 2
58 297 5
58 318 4
58 342 9
58 381 2
58 497 8
58 541 10
58 611 10
58 761 9
58 768 3
58 770 6
58 952 8
58 955 8
59 127 1
59 180 10
59 211 3
59 242 9
59 321 8
59 387 6
59 492 8
59 510 5
59 566 3
59 634 4
59 765 9
59 770 2
59 789 5
59 807 7
59 934 7
60 83 7
60 102 8
60 136 6
60 195 6
60 223 4
60 297 5
60 348 7
60 446 8
60 455 2
60 468 10
60 488 1
60 509 8
60 602 2
60 681 8
60 729 2
60 858 7
60 917 2
60 932 4
61 70 4
61 315 4
61 385 9
61 395 10
61 411 8
61 434 1
61 470 4
61 496 4
61 559 10
61 585 3
61 616 10
61 676 3
61 718 6
61 834 9
61 889 8
61 903 2
61 929 7
61 945 6
61 963 2
62 64 2
62 169 3
62 294 7
62 333 1
62 336 5
62 364 1
62 394 2
62 457 7
62 481 7
62 491 2
62 516 1
62 594 6
62 721 9
62 741 9
62 753 4
62 772 3
62 780 6
62 782 10
62 801 6
62 807 9
62 819 4
62 847 10
62 936 2
63 78 3
63 82 8
63 137 1
63 157 9
63 195 5
63 214 10
63 226 10
63 345 9
63 347 5
63 350 7
63 378 5
63 385 4
63 399 10
63 450 10
63 542 4
63 606 6
63 616 9
63 668 10
63 700 8
63 745 1
63 799 10
63 808 7
63 978 6
64 78 3
64 109 6
64 271 6
64 273 8
64 424 2
64 444 5
64 446 5
64 503 2
64 567 7
64 683 4
64 757 5
64 787 1
64 939 10
64 988 7
65 122 1
65 212 7
65 275 1
65 316 10
65 392 3
65 403 8
65 412 1
65 420 4
65 497 2
65 504 1
65 527 1
65 542 9
65 555 2
65 748 10
65 757 10
65 790 2
65 945 1
65 979 3
66 117 6
66 131 3
66 139 7
66 163 7
66 231 5
66 265 10
66 335 3
66 395 9
66 441 5
66 571 1
66 596 8
66 598 1
66 628 6
66 682 5
66 706 10
66 730 8
66 752 8
66 806 5
66 832 4
66 844 2
66 923 4
67 143 2
67 145 7
67 168 8
67 288 9
67 416 7
67 428 7
67 483 1
67 496 1
67 497 5
67 505 1
67 538 2
67 568 5
67 651 3
67 718 3
67 768 6
67 818 2
67 899 8
67 935 10
67 940 8
67 992 4
68 98 5
68 110 2
68 123 6
68 125 2
68 159 2
68 183 8
68 198 4
68 250 5
68 281 4
68 293 9
68 294 9
68 386 10
68 441 4
68 455 3
68 471 2
68 508 7
68 554 4
68 636 4
68 642 10
68 676 7
68 741 3
68 747 2
68 813 6
68 887 8
68 910 6
68 937 10
69 76 5
69 89 4
69 225 9
69 295 6
69 435 1
69 495 1
69 498 7
69 604 9
69 606 8
69 635 2
69 649 4
69 673 6
69 710 6
69 737 3
69 740 4
69 779 4
69 795 8
69 844 6
69 856 5
69 873 5
69 900 4
69 946 6
69 961 4
70 134 2
70 163 1
70 249 7
70 292 8
70 311 2
70 325 8
70 342 5
70 384 8
70 395 3
70 495 4
70 498 3
70 505 7
70 511 9
70 516 3
70 552 10
70 599 2
70 720 9
70 738 7
70 829 4
70 838 6
70 941 8
71 99 2
71 148 2
71 292 6
71 331 1
71 333 5
71 352 7
71 389 8
71 409 1
71 470 4
71 535 2
71 551 6
71 624 4
71 629 2
71 691 6
71 821 3
71 934 6
71 966 3
72 102 1
72 196 7
72 241 5
72 253 9
72 273 7
72 373 10
72 374 8
72 610 7
72 670 1
72 672 6
72 700 5
72 790 9
72 886 8
72 964 8
73 148 6
73 231 2
73 268 5
73 352 8
73 451 4
73 483 5
73 549 10
73 550 10
73 605 6
73 704 9
73 718 10
73 742 4
73 821 6
73 912 7
73 916 10
73 970 6
73 973 7
74 143 7
74 184 4
74 187 4
74 262 8
74 280 7
74 295 7
74 357 2
74 370 7
74 374 6
74 388 10
74 613 8
74 625 8
74 646 6
74 686 1
74 737 9
74 795 1
74 816 10
74 829 5
74 996 5
75 106 1
75 140 1
75 161 9
75 181 5
75 276 3
75 309 1
75 360 5
75 480 4
75 522 4
75 586 7
75 642 6
75 675 3
75 685 4
75 744 7
75 790 8
75 826 8
75 974 6
75 993 3
76 180 1
76 221 4
76 245 2
76 366 7
76 383 9
76 395 9
76 399 10
76 413 10
76 436 4
76 462 3
76 513 9
76 548 3
76 556 2
76 581 8
76 606 1
76 608 8
76 651 3
76 681 7
76 883 1
76 928 4
76 978 5
76 981 5
77 151 3
77 175 10
77 200 10
77 260 9
77 285 9
77 341 1
77 358 3
77 364 4
77 584 6
77 749 2
77 760 4
77 979 7
78 111 8
78 112 10
78 176 6
78 202 4
78 214 9
78 231 1
78 304 2
78 331 1
78 377 8
78 475 5
78 476 5
78 546 9
78 598 6
78 703 3
78 739 7
78 864 9
78 961 4
78 971 10
78 976 3
78 992 4
79 208 3
79 251 10
79 315 6
79 323 4
79 367 1
79 387 7
79 479 5
79 500 5
79 594 7
79 598 4
79 605 9
79 674 7
79 713 4
79 714 2
79 716 6
79 877 5
80 84 6
80 131 5
80 245 1
80 326 6
80 416 9
80 436 5
80 443 1
80 444 2
80 551 3
80 567 10
80 593 10
80 616 5
80 651 4
80 684 2
80 695 5
80 722 1
80 734 8
80 744 10
80 763 1
80 765 7
80 789 8
80 817 9
80 913 2
81 136 1
81 202 8
81 455 3
81 534 4
81 621 6
81 645 4
81 701 2
81 704 3
81 764 5
81 767 4
81 771 7
81 784 8
81 798 3
81 836 6
81 860 1
81 861 1
81 916 8
82 102 2
82 105 1
82 111 1
82 159 5
82 181 1
82 283 1
82 298 7
82 377 5
82 378 10
82 410 7
82 531 5
82 533 4
82 550 10
82 756 10
82 809 2
82 936 9
82 980 2
83 89 9
83 145 3
83 166 8
83 177 4
83 204 4
83 227 8
83 359 2
83 394 8
83 401 3
83 448 6
83 596 7
83 700 7
83 741 10
83 757 8
83 869 1
83 904 4
84 194 5
84 271 10
84 299 8
84 320 9
84 382 2
84 440 9
84 498 6
84 625 1
84 696 10
84 782 3
84 969 2
85 147 1
85 179 4
85 273 2
85 295 3
85 319 7
85 347 9
85 385 8
85 424 5
85 482 6
85 525 7
85 579 9
85 587 2
85 646 6
85 676 3
85 752 1
85 781 2
85 822 3
85 883 4
86 87 1
86 135 9
86 141 2
86 149 2
86 174 6
86 216 1
86 249 9
86 293 8
86 332 9
86 362 2
86 460 5
86 510 4
86 550 8
86 554 4
86 560 4
86 562 5
86 656 10
86 657 10
86 689 1
86 738 7
86 810 10
86 892 4
86 939 4
86 963 7
86 987 6
87 91 9
87 175 10
87 208 8
87 225 2
87 319 6
87 369 7
87 381 2
87 534 1
87 567 1
87 570 4
87 572 6
87 583 5
87 638 6
87 762 8
87 769 5
87 773 2
87 829 4
87 837 6
87 862 5
87 930 4
87 969 6
87 994 10
88 107 1
88 110 8
88 177 2
88 237 6
88 317 2
88 328 5
88 363 7
88 387 6
88 392 4
88 454 6
88 473 3
88 485 1
88 714 6
88 746 6
88 766 4
88 808 4
88 977 10
89 105 10
89 118 9
89 145 8
89 156 2
89 159 9
89 183 7
89 198 10
89 222 10
89 250 10
89 287 8
89 312 6
89 316 1
89 326 9
89 354 5
89 533 3
89 537 4
89 619 1
89 625 4
89 692 3
89 776 4
89 790 8
89 867 6
89 872 9
89 899 3
90 103 4
90 111 1
90 138 1
90 260 5
90 349 3
90 480 1
90 533 7
90 568 8
90 569 5
90 802 3
90 868 7
90 905 2
90 918 2
91 159 6
91 289 1
91 442 2
91 466 4
91 486 2
91 535 8
91 596 4
91 634 1
91 802 3
91 897 2
91 991 3
91 994 3
92 141 7
92 268 5
92 300 6
92 323 8
92 366 9
92 404 10
92 518 6
92 563 3
92 575 4
92 582 1
92 608 2
92 618 8
92 668 1
92 704 8
92 712 6
92 721 3
92 727 2
92 737 7
92 788 8
92 837 6
92 869 10
92 952 7
93 140 7
93 150 4
93 217 10
93 285 6
93 294 1
93 315 10
93 324 3
93 372 3
93 409 5
93 425 4
93 500 2
93 513 4
93 586 8
93 649 8
93 690 5
93 738 10
93 740 6
93 762 10
93 796 7
93 805 9
93 834 5
93 841 10
93 897 5
93 898 9
94 192 8
94 199 7
94 207 1
94 270 6
94 297 2
94 302 2
94 345 5
94 388 10
94 407 5
94 508 7
94 563 9
94 609 9
94 691 9
94 728 8
94 768 7
94 794 4
94 902 3
95 228 5
95 335 6
95 371 9
95 381 4
95 551 10
95 566 5
95 605 7
95 638 3
95 788 2
95 795 6
95 820 4
95 827 2
95 879 4
95 898 4
95 966 2
96 143 3
96 214 5
96 258 9
96 269 1
96 296 4
96 310 8
96 385 5
96 386 8
96 396 3
96 417 10
96 468 2
96 470 8
96 481 2
96 489 9
96 523 8
96 555 2
96 594 8
96 643 2
96 691 4
96 723 5
96 803 9
96 817 9
96 835 1
96 890 7
97 133 9
97 146 1
97 162 9
97 209 1
97 296 9
97 328 6
97 363 4
97 492 2
97 496 2
97 632 2
97 647 4
97 739 1
97 768 6
97 776 6
97 801 2
97 844 2
97 881 10
97 883 6
97 938 1
98 106 6
98 185 5
98 191 8
98 260 6
98 318 1
98 335 5
98 341 10
98 516 8
98 518 5
98 556 9
98 597 6
98 650 6
98 671 7
98 730 8
98 783 6
98 871 1
98 921 9
98 925 4
99 107 6
99 122 3
99 143 8
99 164 10
99 285 6
99 341 2
99 380 1
99 480 10
99 497 4
99 554 8
99 627 1
99 645 8
99 820 7
99 934 4
100 138 3
100 162 3
100 203 4
100 261 1
100 342 4
100 379 1
100 399 10
100 510 10
100 584 10
100 831 2
100 908 8
100 935 3
100 944 1
101 115 9
101 184 5
101 304 10
101 365 8
101 498 8
101 557 10
101 586 8
101 646 4
101 709 4
101 714 5
101 731 10
101 772 1
101 860 10
101 894 2
101 900 7
101 942 10
101 974 4
101 993 2
102 128 3
102 189 7
102 289 6
102 306 10
102 317 8
102 342 7
102 398 2
102 411 9
102 476 2
102 501 3
102 512 9
102 529 1
102 627 5
102 630 6
102 700 4
102 744 9
102 749 3
102 760 10
102 873 4
102 897 10
103 149 3
103 153 6
103 200 3
103 225 2
103 258 4
103 334 10
103 344 5
103 493 4
103 548 6
103 652 9
103 781 6
103 862 3
103 946 8
103 983 5
104 124 7
104 149 6
104 257 10
104 258 6
104 270 7
104 283 5
104 294 7
104 333 3
104 344 10
104 366 2
104 461 10
104 474 2
104 489 2
104 561 9
104 664 3
104 699 7
104 700 4
104 817 6
104 835 1
104 847 3
104 863 1
104 867 10
104 898 4
104 937 9
104 995 6
105 131 1
105 133 8
105 194 7
105 203 6
105 276 6
105 347 9
105 466 6
105 522 3
105 551 5
105 579 10
105 583 4
105 656 7
105 698 3
105 711 2
105 744 4
105 800 7
105 885 4
106 299 3
106 330 7
106 409 1
106 423 6
106 446 8
106 447 3
106 550 2
106 608 4
106 689 10
106 740 5
106 850 8
106 866 10
106 900 1
106 919 8
106 965 4
107 113 8
107 138 10
107 158 6
107 177 5
107 370 3
107 552 2
107 625 10
107 688 10
107 700 6
107 738 1
107 832 3
107 836 5
107 840 9
108 147 3
108 292 6
108 295 4
108 329 7
108 383 5
108 436 3
108 463 5
108 533 2
108 681 10
108 695 4
108 776 5
108 799 7
108 816 2
108 834 9
108 873 9
108 910 7
108 922 1
108 949 5
108 973 3
108 983 4
109 120 6
109 132 4
109 157 5
109 196 9
109 205 1
109 234 2
109 277 9
109 329 6
109 343 2
109 350 8
109 400 7
109 404 3
109 408 7
109 578 9
109 594 9
109 629 5
109 659 8
109 720 1
109 744 4
109 772 10
109 809 7
109 887 9
109 917 5
109 952 2
110 118 7
110 137 10
110 140 2
110 158 5
110 244 7
110 280 2
110 292 7
110 447 5
110 473 9
110 500 2
110 503 2
110 526 5
110 536 7
110 612 10
110 683 2
110 702 10
110 780 10
110 933 4
110 940 10
111 163 3
111 191 8
111 194 1
111 241 10
111 287 10
111 315 3
111 412 9
111 546 1
111 587 8
111 660 9
111 725 1
111 800 1
111 804 1
111 807 6
111 849 10
111 867 1
111 969 7
112 193 9
112 235 2
112 283 1
112 535 4
112 609 8
112 630 8
112 686 6
112 732 3
112 890 2
112 956 6
112 960 10
112 977 2
113 151 6
113 156 4
113 267 5
113 298 2
113 333 2
113 335 6
113 377 4
113 387 1
113 407 2
113 452 8
113 512 8
113 519 4
113 546 4
113 569 6
113 673 10
113 713 9
113 720 4
113 746 1
113 833 10
113 886 7
113 934 10
113 980 5
114 125 7
114 134 5
114 148 1
114 166 5
114 174 5
114 195 9
114 225 5
114 289 8
114 304 5
114 485 4
114 493 10
114 534 8
114 559 7
114 582 7
114 584 10
114 599 9
114 607 9
114 680 3
114 826 3
114 935 8
115 121 9
115 162 3
115 195 1
115 204 6
115 207 3
115 258 9
115 280 2
115 299 4
115 306 9
115 309 1
115 327 6
115 355 5
115 376 7
115 452 9
115 490 8
115 542 5
115 598 7
115 617 9
115 657 7
115 676 3
115 694 7
115 812 3
115 900 1
115 995 6
116 121 4
116 164 5
116 188 9
116 223 10
116 299 9
116 337 5
116 483 6
116 496 4
116 511 8
116 553 3
116 568 7
116 660 7
116 700 8
116 768 3
116 810 4
116 925 3
116 926 8
116 948 9
116 978 10
116 994 9
117 214 9
117 238 10
117 269 9
117 278 4
117 289 7
117 292 5
117 305 8
117 344 1
117 358 6
117 429 1
117 431 2
117 452 3
117 468 8
117 548 10
117 552 3
117 647 7
117 687 3
117 772 7
117 875 5
117 931 7
117 937 10
117 949 9
117 961 6
118 145 9
118 170 5
118 208 4
118 286 2
118 382 6
118 391 4
118 465 3
118 471 6
118 512 2
118 661 6
118 672 5
118 694 4
118 823 4
118 863 2
118 868 6
118 965 8
118 966 7
119 266 3
119 323 5
119 329 5
119 411 3
119 504 4
119 573 6
119 602 6
119 647 4
119 649 9
119 686 8
119 700 7
119 759 4
119 859 10
119 911 10
120 220 4
120 308 10
120 339 5
120 357 10
120 474 4
120 535 3
120 606 1
120 765 2
120 789 1
120 910 7
120 953 2
120 954 2
120 969 10
120 986 8
121 130 10
121 132 5
121 138 6
121 145 6
121 150 7
121 170 3
121 218 2
121 284 10
121 301 10
121 360 8
121 364 3
121 456 5
121 471 2
121 655 2
121 690 2
121 806 2
121 819 3
121 916 1
122 130 6
122 237 2
122 288 6
122 300 4
122 331 4
122 348 2
122 372 3
122 474 9
122 520 9
122 532 8
122 568 7
122 571 4
122 581 10
122 611 10
122 671 3
122 688 8
122 706 8
122 708 9
122 766 1
122 787 7
122 820 6
122 914 8
122 962 3
122 971 5
122 984 6
123 235 6
123 374 8
123 381 6
123 408 10
123 425 2
123 468 7
123 501 10
123 535 10
123 648 7
123 670 8
123 697 10
123 771 4
123 817 5
123 841 2
123 896 6
123 912 1
123 968 3
124 140 6
124 148 7
124 178 3
124 227 1
124 249 10
124 253 10
124 302 8
124 435 6
124 477 9
124 536 7
124 546 3
124 613 3
124 628 7
124 688 9
124 795 9
124 797 2
124 801 7
124 819 2
124 853 3
124 926 6
124 991 6
124 997 3
125 152 6
125 192 6
125 347 2
125 540 8
125 628 10
125 636 9
125 642 7
125 643 3
125 680 2
125 772 8
125 777 10
125 782 3
125 831 7
125 861 2
125 908 9
125 931 6
125 933 10
125 980 8
126 149 7
126 179 8
126 251 4
126 291 9
126 330 5
126 375 6
126 404 10
126 441 4
126 444 5
126 494 1
126 581 9
126 590 9
126 718 7
126 749 1
126 758 5
126 766 10
126 802 8
126 868 6
126 870 3
126 879 8
126 923 8
126 979 4
127 244 2
127 292 5
127 456 9
127 463 1
127 494 3
127 532 2
127 545 1
127 563 10
127 620 10
127 676 7
127 687 10
127 734 9
127 762 2
127 847 1
127 852 3
127 855 4
127 940 3
128 181 7
128 193 3
128 197 5
128 210 10
128 212 9
128 213 3
128 285 3
128 520 6
128 561 4
128 588 9
128 595 6
128 599 3
128 773 2
128 818 3
128 865 7
128 922 6
128 952 1
129 137 3
129 141 5
129 186 3
129 228 7
129 235 3
129 294 10
129 331 9
129 346 6
129 501 8
129 516 3
129 608 1
129 634 1
129 714 1
129 757 2
129 813 3
129 854 7
129 858 10
129 934 2
129 944 1
130 137 1
130 159 3
130 271 10
130 350 3
130 381 5
130 401 3
130 420 7
130 434 10
130 445 8
130 460 5
130 539 10
130 564 7
130 745 3
130 780 7
130 966 1
131 169 8
131 207 8
131 226 1
131 254 6
131 300 8
131 323 6
131 391 3
131 462 9
131 561 4
131 589 1
131 667 7
131 682 10
131 733 6
131 802 2
131 817 9
131 959 9
132 137 9
132 143 7
132 187 3
132 206 9
132 247 4
132 335 7
132 353 8
132 405 3
132 406 10
132 433 3
132 456 5
132 527 1
132 549 6
132 624 9
132 682 1
132 739 5
132 839 1
132 878 6
133 259 1
133 453 8
133 500 6
133 579 1
133 646 3
133 656 3
133 670 5
133 722 10
133 742 6
133 771 10
133 785 10
133 881 1
133 887 5
133 920 5
133 963 8
133 996 2
134 152 5
134 159 8
134 182 4
134 280 4
134 294 1
134 316 3
134 339 10
134 407 7
134 452 4
134 480 7
134 701 7
134 828 9
134 908 3
134 923 9
134 938 6
135 179 8
135 180 1
135 255 9
135 304 6
135 332 6
135 337 4
135 356 8
135 367 10
135 375 6
135 387 8
135 456 9
135 458 7
135 543 4
135 581 10
135 610 4
135 623 2
135 717 8
135 723 2
135 733 1
135 759 10
135 812 9
135 839 2
135 890 4
135 961 8
136 156 3
136 401 1
136 421 1
136 479 3
136 480 3
136 595 8
136 670 3
136 677 10
136 690 3
136 816 10
136 836 9
136 849 2
136 870 8
136 901 5
137 233 5
137 254 7
137 373 8
137 380 10
137 393 10
137 425 6
137 487 7
137 492 5
137 511 7
137 561 9
137 607 8
137 832 2
137 879 10
137 984 7
138 192 6
138 306 4
138 328 4
138 386 4
138 444 8
138 486 8
138 487 1
138 536 7
138 610 6
138 612 2
138 654 10
138 681 5
138 732 8
138 761 5
138 804 3
138 872 1
138 888 9
138 925 5
138 927 10
139 162 4
139 209 8
139 230 1
139 237 2
139 262 6
139 287 8
139 340 8
139 405 10
139 443 9
139 610 8
139 618 8
139 661 1
139 690 10
139 713 1
139 759 5
139 802 6
139 807 1
139 851 10
139 938 5
139 956 1
140 164 1
140 196 7
140 237 2
140 257 3
140 311 4
140 381 9
140 444 8
140 565 4
140 678 5
140 679 2
140 757 6
140 761 6
140 799 2
140 844 3
140 850 10
140 858 9
140 887 9
140 899 1
140 948 7
141 274 2
141 356 8
141 424 4
141 442 1
141 501 5
141 574 2
141 620 4
141 627 10
141 636 9
141 675 6
141 692 2
141 704 2
141 741 4
141 800 6
141 874 10
141 928 9
141 929 9
141 957 3
142 229 5
142 388 3
142 657 5
142 709 3
142 760 10
142 945 2
142 958 4
142 976 3
143 182 5
143 205 4
143 280 6
143 291 2
143 293 5
143 393 1
143 397 3
143 398 7
143 524 3
143 588 6
143 658 1
143 694 7
143 865 5
144 176 1
144 182 9
144 280 7
144 305 5
144 319 7
144 382 1
144 383 1
144 479 2
144 536 3
144 564 3
144 625 6
144 698 4
144 795 8
144 802 7
144 807 4
144 827 2
144 956 10
144 988 5
145 261 2
145 334 4
145 353 4
145 514 4
145 535 1
145 606 6
145 622 7
145 630 8
145 747 4
145 822 1
145 944 5
145 982 1
146 172 10
146 296 8
146 314 10
146 370 7
146 378 10
146 500 8
146 510 1
146 512 7
146 589 2
146 600 4
146 618 3
146 706 8
146 720 5
146 788 3
146 813 2
146 821 3
147 165 2
147 291 2
147 318 1
147 446 9
147 481 2
147 483 1
147 534 1
147 714 4
147 732 3
147 740 6
147 765 2
147 824 6
147 842 7
147 883 9
147 953 5
147 974 7
148 160 1
148 200 8
148 286 6
148 305 8
148 338 5
148 403 2
148 440 1
148 490 10
148 560 5
148 572 4
148 662 5
148 699 10
148 704 8
148 822 8
148 850 10
148 936 3
148 945 7
149 161 9
149 165 9
149 171 2
149 203 9
149 319 6
149 320 8
149 371 9
149 497 5
149 527 2
149 535 4
149 599 8
149 628 2
149 667 8
149 849 9
149 933 8
149 955 2
150 167 10
150 187 4
150 285 1
150 342 3
150 410 5
150 411 7
150 486 1
150 597 9
150 598 9
150 646 3
150 684 6
150 716 8
150 753 6
150 838 6
150 885 10
150 930 6
150 974 1
151 163 9
151 227 4
151 291 2
151 350 7
151 372 3
151 385 2
151 413 2
151 433 8
151 551 7
151 562 5
151 742 2
151 766 1
151 831 9
151 838 7
151 852 9
151 853 6
151 866 7
152 157 7
152 278 10
152 299 6
152 549 3
152 552 7
152 571 5
152 586 10
152 618 8
152 695 5
152 717 4
152 758 2
152 797 10
152 810 10
152 827 2
152 831 5
152 896 1
152 912 7
153 161 5
153 180 6
153 196 9
153 236 7
153 287 3
153 565 4
153 610 9
153 614 2
153 673 8
153 696 1
153 768 3
153 867 9
153 914 10
154 235 2
154 278 8
154 279 4
154 325 2
154 335 4
154 349 6
154 367 9
154 392 3
154 411 3
154 546 10
154 553 10
154 557 9
154 571 8
154 647 5
154 852 10
154 886 7
154 911 1
154 942 4
154 975 8
154 982 4
154 983 4
155 200 3
155 288 3
155 308 7
155 309 5
155 330 1
155 403 7
155 418 10
155 473 3
155 509 2
155 553 1
155 570 4
155 602 3
155 647 2
155 652 3
155 656 1
155 720 6
155 791 8
155 888 2
155 980 5
156 218 9
156 321 2
156 405 3
156 451 7
156 462 5
156 508 5
156 510 9
156 512 6
156 513 10
156 566 2
156 572 6
156 583 9
156 584 9
156 692 8
156 800 8
156 803 5
156 885 8
156 889 1
156 943 7
156 977 4
157 160 6
157 216 3
157 298 4
157 419 10
157 594 9
157 614 10
157 677 9
157 682 7
157 687 3
157 741 7
157 797 8
157 847 7
157 870 10
157 874 1
157 919 7
157 931 7
157 952 7
157 954 6
158 161 7
158 266 5
158 325 1
158 346 9
158 394 1
158 567 6
158 580 9
158 583 5
158 605 3
158 696 9
158 751 10
158 773 4
158 788 4
158 936 9
158 959 3
159 187 3
159 294 10
159 351 1
159 358 9
159 509 10
159 580 5
159 637 10
159 639 5
159 658 4
159 661 8
159 765 1
159 780 7
159 860 9
159 877 5
159 889 4
159 899 10
160 214 4
160 275 7
160 299 3
160 326 6
160 357 7
160 365 7
160 373 10
160 377 2
160 379 7
160 396 1
160 402 2
160 727 3
160 798 7
160 800 8
160 826 9
160 852 3
160 876 9
160 913 5
160 936 5
161 186 3
161 290 10
161 464 8
161 485 4
161 514 3
161 684 6
161 708 3
161 709 7
161 942 2
161 972 2
162 167 4
162 179 4
162 210 8
162 291 1
162 344 4
162 416 5
162 462 4
162 489 10
162 540 5
162 585 3
162 654 6
162 655 7
162 676 10
162 700 9
162 718 4
162 719 2
162 735 4
162 754 10
162 851 2
162 964 8
162 991 7
163 165 7
163 320 7
163 369 8
163 473 2
163 589 10
163 684 10
163 910 4
163 998 7
164 196 1
164 222 6
164 245 6
164 282 10
164 330 3
164 362 2
164 376 5
164 418 8
164 555 10
164 573 6
164 580 2
164 697 3
164 749 1
164 865 8
164 873 5
164 886 2
164 923 5
164 925 9
165 196 9
165 250 5
165 268 1
165 275 3
165 341 8
165 392 6
165 430 6
165 455 9
165 582 2
165 615 10
165 623 1
165 641 2
165 750 2
165 815 1
165 857 10
166 226 1
166 257 6
166 334 9
166 338 5
166 356 1
166 358 7
166 515 1
166 628 2
166 693 2
166 721 3
166 733 2
166 764 7
166 792 6
167 179 1
167 199 5
167 365 3
167 389 5
167 403 10
167 414 3
167 443 6
167 462 1
167 468 6
167 475 10
167 488 6
167 509 8
167 579 3
167 707 4
167 732 9
167 883 10
167 947 4
168 258 1
168 337 10
168 499 6
168 503 7
168 538 4
168 580 3
168 711 8
168 733 9
168 774 2
168 798 9
168 808 10
168 922 9
168 965 6
168 986 1
168 995 6
169 255 3
169 337 10
169 366 9
169 616 2
169 618 5
169 622 2
169 715 9
169 942 2
170 204 6
170 292 5
170 335 6
170 371 8
170 417 1
170 626 10
170 662 5
170 681 2
170 718 1
170 719 10
170 912 10
171 179 9
171 277 10
171 285 2
171 293 5
171 320 4
171 384 7
171 403 10
171 473 7
171 527 3
171 536 7
171 699 10
171 705 4
171 720 2
171 786 5
171 816 5
171 873 6
171 928 6
171 971 5
171 996 10
172 302 10
172 317 10
172 335 4
172 397 2
172 545 7
172 637 10
172 711 2
172 740 10
172 775 4
172 804 6
172 846 5
172 850 7
172 854 2
172 882 9
172 926 9
173 238 10
173 317 5
173 348 3
173 393 1
173 426 6
173 500 6
173 516 8
173 541 5
173 693 4
173 768 10
173 804 1
173 820 2
173 854 3
173 943 5
173 948 5
174 210 7
174 225 1
174 303 7
174 327 10
174 359 6
174 374 8
174 430 7
174 496 4
174 505 4
174 581 8
174 639 4
174 723 1
174 734 3
174 803 9
174 824 4
174 867 10
174 882 3
174 902 8
174 909 1
174 948 9
175 192 5
175 329 2
175 372 6
175 461 4
175 548 9
175 579 8
175 599 1
175 604 8
175 617 7
175 699 7
175 737 3
175 766 5
175 794 4
175 847 4
175 864 5
175 870 2
175 900 7
175 913 4
175 966 7
175 989 2
176 183 5
176 189 10
176 230 10
176 299 7
176 305 10
176 332 7
176 348 7
176 388 9
176 507 9
176 520 2
176 542 2
176 554 4
176 595 5
176 623 6
176 635 3
176 663 3
176 793 2
176 826 7
176 839 10
176 868 8
176 902 5
176 933 4
176 958 9
176 978 2
177 211 7
177 280 9
177 349 5
177 395 2
177 449 8
177 458 5
177 511 5
177 542 6
177 544 7
177 670 5
177 774 7
177 789 7
177 822 3
177 967 2
177 968 3
178 227 6
178 246 6
178 249 6
178 431 2
178 434 5
178 467 9
178 500 4
178 528 6
178 569 2
178 658 7
178 741 9
178 854 4
178 904 4
178 912 5
178 960 4
179 194 8
179 333 1
179 363 10
179 372 9
179 432 7
179 440 10
179 452 4
179 494 10
179 495 6
179 502 6
179 504 10
179 563 1
179 687 10
179 785 2
179 798 4
179 846 9
179 920 7
179 930 2
180 242 10
180 341 10
180 365 3
180 379 5
180 383 1
180 388 7
180 437 1
180 496 8
180 553 1
180 569 2
180 698 4
180 752 6
180 767 4
180 806 2
180 928 7
180 946 3
180 979 8
181 214 5
181 215 8
181 251 7
181 301 5
181 349 10
181 419 10
181 467 8
181 504 8
181 547 5
181 557 1
181 559 8
181 591 3
181 646 1
181 657 4
181 675 8
181 691 6
181 844 8
181 864 9
181 960 8
181 976 2
182 371 8
182 380 4
182 450 1
182 557 2
182 711 3
182 841 1
182 887 2
182 899 6
182 918 9
182 961 3
183 184 3
183 198 1
183 206 8
183 314 2
183 363 7
183 367 4
183 391 10
183 444 5
183 488 3
183 546 10
183 607 7
183 627 3
183 679 9
183 789 8
183 873 5
184 239 9
184 284 1
184 341 1
184 399 10
184 408 8
184 434 6
184 446 10
184 653 8
184 656 4
184 657 4
184 659 9
184 698 10
184 736 7
184 765 4
184 784 5
184 825 10
184 830 1
184 860 3
184 872 5
184 894 10
184 957 9
185 197 4
185 327 4
185 345 6
185 375 7
185 573 1
185 579 6
185 725 9
185 776 5
185 799 3
185 804 4
185 817 4
185 956 3
186 266 3
186 278 6
186 284 10
186 299 7
186 465 4
186 541 10
186 557 7
186 600 8
186 603 6
186 630 10
186 734 10
186 807 6
186 810 8
186 875 9
186 933 7
186 947 1
187 208 6
187 218 9
187 244 7
187 247 10
187 291 10
187 295 2
187 523 1
187 528 6
187 560 9
187 571 10
187 661 10
187 672 4
187 675 10
187 755 9
187 909 5
187 958 8
187 994 4
188 204 4
188 420 8
188 482 7
188 532 6
188 675 1
188 698 5
188 750 10
188 752 1
188 762 8
188 798 7
188 808 3
188 816 8
188 845 3
188 898 4
188 927 9
188 988 8
189 196 10
189 226 2
189 360 1
189 385 6
189 447 9
189 468 2
189 499 4
189 538 5
189 557 8
189 563 8
189 714 4
189 933 7
190 249 3
190 338 5
190 366 5
190 384 2
190 398 2
190 505 9
190 660 1
190 756 1
190 886 3
190 945 6
190 981 1
191 251 9
191 301 6
191 454 1
191 484 8
191 498 7
191 509 10
191 539 1
191 606 1
191 623 4
191 809 4
191 903 3
191 926 9
191 942 3
191 983 6
192 301 3
192 316 3
192 351 2
192 401 10
192 452 5
192 528 10
192 584 3
192 627 10
192 630 7
192 703 2
192 734 5
192 751 8
192 773 8
192 778 2
192 786 4
192 860 10
192 906 6
192 992 3
192 995 6
193 217 4
193 226 3
193 234 9
193 261 6
193 387 6
193 481 6
193 512 7
193 569 10
193 580 4
193 582 2
193 646 8
193 677 6
193 746 5
193 799 8
193 805 3
193 969 4
194 328 3
194 358 2
194 503 3
194 544 8
194 658 7
194 723 8
194 728 1
194 773 10
194 784 5
194 869 1
194 894 6
194 932 1
194 949 4
194 979 9
195 273 7
195 332 6
195 333 7
195 471 2
195 489 7
195 496 8
195 576 4
195 584 3
195 642 3
195 650 3
195 725 7
195 734 3
195 896 8
195 951 10
195 998 2
196 199 1
196 211 7
196 227 5
196 234 4
196 315 10
196 348 4
196 352 4
196 362 1
196 404 5
196 407 10
196 418 2
196 617 1
196 682 5
196 724 3
196 761 3
196 832 2
196 834 4
196 905 3
196 953 8
197 280 6
197 354 3
197 389 2
197 419 1
197 460 1
197 495 9
197 511 8
197 636 5
197 653 1
197 662 9
197 741 3
197 955 8
197 984 8
198 240 6
198 339 6
198 469 10
198 511 6
198 526 10
198 719 5
198 763 5
198 774 2
198 791 9
198 878 4
198 896 9
198 937 5
198 947 10
198 972 5
199 213 10
199 218 5
199 287 4
199 476 8
199 507 4
199 651 9
199 773 2
199 777 8
199 814 8
199 823 9
199 920 8
199 942 1
199 963 3
200 262 2
200 310 7
200 329 4
200 356 4
200 375 3
200 530 9
200 551 9
200 564 4
200 611 3
200 659 9
200 740 4
200 864 3
200 867 2
200 893 9
200 954 9
201 243 7
201 405 9
201 493 10
201 638 4
201 679 5
201 728 3
201 935 8
202 248 2
202 256 1
202 330 6
202 336 7
202 362 3
202 388 3
202 429 5
202 496 7
202 524 4
202 634 3
202 641 6
202 742 2
202 900 1
202 908 9
202 978 6
203 209 2
203 289 7
203 337 10
203 342 4
203 444 10
203 465 2
203 513 9
203 532 10
203 579 10
203 609 7
203 723 2
203 727 5
203 808 6
203 848 3
203 861 6
203 912 1
203 960 6
203 988 7
204 253 4
204 279 5
204 410 8
204 473 7
204 535 5
204 617 6
204 626 4
204 638 1
204 696 2
204 718 10
204 720 4
204 772 3
204 793 7
204 796 9
204 860 6
204 886 8
204 896 3
204 902 7
204 932 2
204 988 7
205 287 4
205 291 2
205 301 6
205 323 1
205 389 4
205 400 8
205 438 10
205 439 5
205 483 2
205 563 2
205 570 5
205 578 6
205 609 3
205 678 4
205 696 1
205 722 2
205 793 3
205 843 2
205 866 5
205 871 8
205 942 8
206 214 3
206 265 3
206 278 8
206 362 2
206 381 3
206 408 5
206 477 2
206 540 10
206 604 10
206 676 6
206 696 2
206 699 6
206 857 7
206 885 9
206 929 8
206 933 10
206 934 3
206 937 7
206 940 2
207 212 3
207 257 9
207 286 8
207 331 4
207 350 10
207 400 10
207 426 6
207 433 3
207 462 1
207 523 1
207 528 8
207 564 7
207 571 9
207 685 10
207 737 1
207 838 4
207 853 7
207 872 8
207 897 2
207 932 3
207 963 7
207 990 3
208 326 5
208 380 4
208 438 4
208 477 2
208 542 10
208 566 9
208 654 1
208 656 2
208 819 10
208 860 2
208 919 4
208 999 6
209 213 1
209 217 4
209 258 1
209 312 10
209 504 5
209 605 1
209 625 4
209 632 9
209 688 6
209 748 7
209 789 4
209 870 9
209 884 8
209 890 7
210 218 4
210 220 10
210 240 3
210 303 3
210 468 6
210 578 2
210 774 3
210 845 2
210 890 5
210 897 3
210 979 10
210 998 4
211 256 10
211 290 6
211 390 4
211 421 10
211 466 10
211 485 1
211 524 6
211 611 6
211 647 7
211 686 6
211 710 3
211 811 4
211 823 5
211 881 1
211 897 1
211 913 9
211 978 4
211 985 2
211 991 5
211 994 7
212 238 10
212 246 4
212 298 10
212 310 7
212 378 5
212 452 7
212 496 2
212 499 10
212 651 4
212 659 7
212 806 10
212 816 2
212 847 5
212 863 8
212 878 7
212 898 8
212 927 7
212 974 9
213 359 7
213 416 5
213 443 10
213 497 5
213 526 5
213 592 10
213 606 3
213 688 2
213 751 9
213 757 5
213 781 3
213 839 1
213 938 1
213 939 7
213 942 2
214 269 7
214 310 5
214 339 6
214 340 2
214 446 6
214 469 5
214 470 2
214 495 7
214 576 4
214 614 5
214 720 10
214 778 8
214 791 1
214 838 9
214 919 3
215 242 9
215 292 10
215 308 2
215 324 8
215 352 4
215 363 8
215 389 5
215 390 6
215 434 6
215 469 10
215 489 1
215 502 1
215 532 4
215 588 10
215 632 10
215 641 6
215 693 1
215 740 2
215 758 8
215 765 7
215 777 9
215 955 8
216 286 2
216 311 8
216 320 5
216 332 6
216 492 6
216 513 6
216 523 8
216 571 7
216 588 6
216 599 7
216 672 8
216 840 8
216 928 5
216 951 5
216 992 5
217 246 5
217 330 9
217 487 2
217 546 9
217 559 5
217 570 6
217 651 3
217 712 5
217 728 6
217 733 9
217 878 7
217 899 3
217 924 8
217 929 8
217 974 3
218 231 9
218 243 8
218 417 6
218 513 3
218 630 8
218 695 4
218 697 2
218 864 9
218 876 4
218 879 4
218 928 3
218 983 5
218 989 5
218 996 8
219 368 1
219 372 4
219 382 7
219 523 8
219 609 1
219 638 4
219 689 3
219 828 5
219 863 7
219 879 7
219 904 9
219 954 7
220 299 3
220 313 6
220 339 7
220 392 8
220 435 9
220 456 4
220 473 8
220 500 2
220 583 7
220 589 8
220 592 9
220 649 4
220 724 6
220 736 6
220 788 6
220 876 1
220 878 7
220 894 6
220 998 7
221 245 10
221 356 5
221 422 7
221 557 5
221 575 4
221 654 1
221 669 8
221 749 6
221 754 5
221 853 1
221 876 1
221 939 4
221 989 2
222 234 1
222 284 5
222 289 7
222 418 9
222 547 5
222 644 5
222 791 6
222 816 8
222 848 2
222 853 9
222 951 3
222 952 7
222 982 4
223 250 6
223 256 8
223 259 9
223 390 5
223 448 2
223 585 7
223 661 8
223 669 3
223 690 2
223 706 10
223 711 3
223 895 5
223 989 1
223 993 10
224 322 5
224 391 8
224 472 3
224 473 10
224 511 4
224 524 2
224 571 1
224 573 8
224 575 5
224 624 7
224 632 3
224 638 1
224 660 9
224 707 4
224 748 7
224 749 2
224 753 6
224 776 1
224 802 1
224 823 9
224 847 3
224 896 7
224 947 6
224 972 3
225 228 7
225 243 10
225 334 10
225 345 3
225 379 7
225 459 1
225 485 2
225 652 3
225 656 9
225 721 7
225 740 9
225 844 8
225 903 10
225 928 9
225 986 4
226 338 5
226 370 9
226 416 3
226 513 4
226 645 8
226 688 7
226 700 8
226 702 2
226 741 9
226 789 10
226 810 2
226 817 3
226 839 5
226 886 10
227 341 2
227 413 10
227 479 10
227 501 4
227 514 1
227 538 1
227 546 9
227 570 5
227 610 5
227 620 2
227 648 10
227 651 8
227 696 4
227 730 9
227 756 2
227 787 10
227 799 3
227 949 9
227 997 2
228 236 4
228 286 5
228 324 7
228 331 5
228 338 6
228 361 9
228 526 4
228 557 4
228 611 8
228 745 9
228 787 7
228 803 3
228 832 3
228 844 6
228 932 5
229 301 1
229 316 5
229 365 5
229 371 1
229 421 8
229 424 8
229 479 3
229 488 5
229 701 2
229 712 4
229 717 1
229 736 2
229 749 8
229 816 9
229 848 6
229 857 3
229 901 8
230 234 3
230 339 3
230 578 5
230 596 9
230 607 7
230 718 9
230 751 10
230 784 3
230 790 9
230 807 5
230 828 5
230 932 1
230 995 8
231 253 8
231 260 9
231 281 1
231 294 9
231 344 6
231 363 9
231 414 5
231 474 7
231 551 2
231 569 2
231 570 8
231 751 1
231 784 6
231 790 2
231 881 1
231 922 1
231 939 2
231 989 7
231 996 4
232 245 7
232 295 7
232 307 2
232 340 4
232 344 3
232 501 8
232 525 6
232 585 6
232 613 8
232 633 3
232 649 2
232 697 7
232 707 7
232 771 10
232 838 10
232 862 9
232 914 2
232 922 10
232 956 10
232 957 9
232 981 10
232 983 3
233 250 10
233 356 1
233 395 6
233 398 10
233 452 4
233 475 6
233 523 5
233 582 4
233 584 6
233 641 3
233 722 8
233 793 7
233 794 9
233 811 10
233 813 4
233 824 1
233 855 1
233 913 5
233 950 6
233 981 2
234 394 4
234 430 5
234 431 8
234 462 10
234 484 3
234 493 4
234 497 10
234 597 4
234 654 9
234 713 3
234 795 3
234 902 5
235 261 3
235 276 3
235 303 8
235 311 7
235 312 2
235 315 7
235 405 1
235 505 4
235 565 6
235 605 2
235 606 6
235 665 2
235 725 4
235 801 5
235 808 4
235 856 3
235 896 1
235 912 6
236 246 4
236 335 7
236 405 2
236 415 9
236 447 6
236 555 6
236 672 1
236 689 7
236 825 5
236 841 8
236 870 6
236 943 2
236 998 2
237 332 4
237 345 4
237 438 6
237 461 7
237 462 1
237 525 6
237 531 2
237 627 7
237 630 6
237 665 5
237 693 1
237 700 2
237 779 1
237 783 10
237 872 8
237 905 2
238 391 3
238 438 8
238 512 8
238 559 3
238 624 3
238 681 4
238 693 5
238 712 7
238 785 6
238 801 8
238 810 5
238 858 5
238 866 7
238 886 4
238 903 2
238 976 8
238 977 5
239 295 9
239 321 5
239 410 5
239 414 6
239 432 2
239 541 6
239 578 10
239 583 4
239 633 5
239 753 7
239 762 4
239 826 6
239 834 9
239 891 3
239 932 5
239 950 8
239 961 2
240 368 10
240 425 2
240 472 9
240 503 9
240 520 7
240 529 6
240 568 7
240 712 10
240 778 5
240 785 1
240 904 4
240 935 1
240 963 2
240 967 4
241 258 10
241 368 7
241 378 6
241 379 5
241 508 4
241 631 7
241 670 10
241 692 1
241 757 5
241 782 7
241 829 2
241 866 3
241 886 10
241 920 4
241 930 4
241 960 3
242 315 8
242 359 6
242 382 9
242 393 9
242 416 2
242 418 2
242 442 9
242 554 3
242 602 4
242 639 4
242 643 6
242 665 2
242 694 5
242 821 9
242 842 7
242 852 2
242 873 6
242 909 7
242 947 7
242 968 5
243 281 4
243 335 9
243 532 5
243 550 1
243 574 10
243 633 10
243 645 5
243 894 3
243 959 6
243 977 7
243 995 10
244 314 2
244 326 10
244 335 5
244 337 4
244 370 10
244 427 2
244 490 4
244 511 2
244 584 1
244 619 7
244 676 7
244 677 5
244 695 8
244 828 6
244 922 10
244 925 10
244 956 10
244 963 8
244 992 1
244 998 3
245 263 2
245 271 9
245 285 9
245 317 6
245 365 8
245 369 6
245 404 1
245 432 8
245 495 5
245 535 2
245 562 3
245 795 9
245 957 1
245 979 9
246 262 9
246 294 4
246 345 2
246 415 10
246 440 3
246 444 1
246 508 5
246 554 1
246 620 3
246 630 4
246 658 9
246 676 6
246 707 5
246 737 9
246 757 4
246 809 9
246 812 10
246 929 10
247 383 8
247 387 3
247 419 8
247 423 1
247 486 9
247 538 2
247 562 10
247 624 9
247 719 5
247 812 5
247 842 7
247 943 2
247 969 8
247 995 1
248 288 7
248 334 5
248 427 10
248 458 3
248 497 4
248 509 5
248 676 3
248 719 5
248 769 2
248 786 3
248 829 9
248 860 1
248 906 8
248 988 7
249 272 1
249 365 2
249 422 1
249 534 9
249 565 1
249 681 6
249 744 6
249 878 6
249 883 6
249 898 10
249 933 7
249 934 1
250 255 8
250 264 10
250 294 9
250 660 3
250 664 8
250 700 4
250 741 6
250 775 1
250 777 9
250 813 4
250 913 7
250 931 7
250 960 6
250 981 2
251 322 5
251 360 3
251 364 4
251 378 7
251 409 10
251 483 2
251 503 9
251 510 6
251 526 1
251 594 8
251 676 9
251 705 6
251 709 4
251 745 2
251 957 10
252 353 8
252 377 8
252 392 5
252 416 8
252 435 10
252 475 10
252 485 10
252 540 10
252 629 1
252 648 6
252 741 7
252 752 5
252 753 3
252 842 6
252 867 4
252 945 8
252 967 4
253 359 1
253 363 2
253 401 2
253 402 8
253 403 2
253 417 7
253 446 2
253 511 8
253 586 7
253 631 3
253 714 4
253 762 6
253 767 9
253 802 7
254 414 3
254 542 6
254 579 7
254 626 4
254 629 10
254 643 4
254 688 7
254 719 3
254 790 4
254 863 3
254 888 8
254 921 1
254 961 9
254 998 4
255 509 1
255 533 5
255 593 4
255 613 5
255 693 1
255 804 6
255 852 2
255 878 10
255 898 9
255 904 5
255 918 4
255 930 9
255 996 8
256 356 2
256 572 7
256 586 8
256 607 7
256 661 6
256 705 3
256 931 10
256 984 3
257 312 2
257 313 7
257 320 9
257 323 2
257 335 4
257 348 5
257 398 5
257 439 9
257 456 8
257 463 7
257 519 2
257 800 2
257 804 4
257 913 5
257 994 2
258 262 9
258 280 8
258 304 4
258 336 7
258 358 4
258 364 10
258 370 9
258 393 4
258 499 7
258 555 4
258 565 10
258 612 8
258 750 8
258 970 6
258 973 7
259 261 4
259 370 5
259 381 1
259 430 2
259 530 2
259 621 8
259 682 6
259 685 2
259 966 1
260 314 9
260 342 4
260 351 8
260 419 10
260 424 1
260 485 10
260 515 7
260 545 1
260 567 9
260 616 8
260 621 10
260 676 7
260 682 4
260 813 2
260 965 4
260 975 7
261 284 4
261 294 1
261 333 6
261 367 8
261 379 2
261 409 9
261 423 6
261 450 3
261 546 9
261 749 7
261 758 5
261 769 10
261 790 5
261 817 6
261 873 9
261 885 2
261 963 2
261 989 10
262 268 10
262 269 9
262 377 3
262 477 9
262 480 6
262 538 7
262 570 3
262 666 5
262 696 6
262 712 5
262 740 6
262 755 4
262 816 8
262 988 9
263 290 5
263 393 10
263 398 2
263 430 8
263 443 9
263 445 1
263 502 9
263 533 9
263 571 9
263 593 5
263 702 3
263 827 8
263 900 1
263 923 1
263 938 9
263 952 10
264 285 9
264 315 3
264 335 2
264 358 8
264 569 6
264 590 8
264 598 2
264 608 5
264 641 6
264 681 9
264 784 7
264 790 7
264 804 6
264 830 5
264 858 4
264 877 10
264 912 2
264 937 7
264 954 9
264 957 4
264 984 3
265 298 7
265 350 9
265 422 1
265 451 10
265 548 7
265 682 1
265 779 6
265 780 5
265 800 4
265 863 10
265 879 9
265 895 8
265 922 9
265 984 4
266 360 7
266 364 8
266 486 7
266 508 8
266 523 5
266 549 2
266 563 1
266 618 7
266 658 8
266 680 3
266 740 4
266 808 2
266 824 10
266 831 4
267 335 2
267 400 4
267 542 1
267 607 2
267 638 7
267 653 6
267 667 8
267 672 4
267 673 5
267 737 8
267 738 9
267 881 4
267 884 8
267 906 4
267 917 7
267 945 7
268 322 6
268 348 10
268 406 6
268 519 10
268 671 3
268 688 1
268 883 6
268 906 1
268 909 7
268 928 9
268 975 10
268 987 9
269 308 6
269 469 2
269 602 2
269 616 3
269 620 3
269 640 10
269 680 8
269 770 6
269 905 9
269 969 3
269 981 9
270 335 4
270 469 6
270 505 9
270 578 1
270 651 1
270 704 7
270 725 10
270 751 4
270 791 5
270 794 7
270 850 7
270 934 4
270 948 8
270 975 1
271 334 1
271 441 9
271 442 3
271 454 9
271 480 2
271 537 7
271 640 9
271 749 7
271 830 9
271 856 7
271 859 5
271 879 8
271 981 8
271 983 2
272 318 10
272 524 2
272 655 7
272 789 8
272 808 4
272 939 2
272 962 10
273 275 9
273 353 2
273 387 10
273 440 7
273 480 3
273 490 4
273 492 3
273 601 4
273 698 6
273 801 2
273 818 9
273 919 6
273 947 3
273 990 6
273 992 8
273 999 2
274 443 1
274 453 9
274 541 1
274 615 8
274 683 3
274 778 2
275 442 5
275 485 10
275 567 6
275 605 1
275 614 1
275 709 1
275 765 5
275 966 3
276 300 9
276 315 7
276 353 3
276 402 5
276 413 7
276 523 1
276 611 8
276 758 1
276 770 5
276 791 6
276 836 8
276 866 8
276 908 7
277 332 7
277 369 1
277 410 1
277 522 6
277 544 9
277 760 10
277 793 6
277 975 6
278 376 4
278 514 4
278 526 5
278 544 8
278 615 7
278 625 10
278 658 10
278 729 4
278 730 9
278 811 2
278 819 8
278 827 4
278 837 7
278 861 5
278 864 8
278 958 8
279 335 4
279 373 9
279 408 7
279 459 1
279 460 6
279 464 3
279 513 5
279 598 4
279 610 8
279 622 6
279 695 7
279 835 8
279 869 8
279 894 4
279 896 8
279 901 10
279 955 9
279 973 2
280 358 10
280 418 4
280 436 8
280 464 4
280 558 7
280 617 3
280 645 4
280 791 2
280 803 10
280 855 2
280 897 7
281 316 2
281 349 5
281 376 7
281 400 8
281 401 3
281 435 8
281 534 1
281 537 1
281 543 1
281 568 2
281 618 6
281 694 1
281 767 2
281 846 1
281 874 6
282 295 6
282 352 1
282 507 4
282 521 10
282 552 9
282 598 10
282 652 7
282 655 7
282 698 2
282 775 1
282 801 4
282 802 6
282 804 5
282 998 4
283 306 5
283 362 7
283 374 7
283 377 1
283 530 7
283 548 1
283 555 1
283 587 10
283 657 10
283 778 8
283 832 10
283 847 9
283 874 2
283 875 5
284 400 3
284 463 2
284 518 1
284 519 2
284 533 5
284 546 10
284 576 1
284 584 2
284 632 10
284 685 7
284 715 6
284 785 2
284 800 9
284 888 4
285 326 1
285 328 9
285 469 3
285 703 1
285 955 8
286 299 10
286 361 8
286 423 9
286 438 6
286 490 2
286 499 5
286 531 4
286 626 9
286 650 9
286 715 10
286 731 2
286 745 8
286 802 1
286 862 6
286 876 4
286 894 10
286 969 9
287 295 1
287 359 5
287 474 1
287 521 10
287 549 10
287 593 3
287 724 6
287 737 6
287 773 5
287 822 2
288 298 9
288 314 2
288 331 8
288 426 8
288 440 1
288 518 1
288 620 4
288 621 8
288 631 1
288 668 8
288 707 6
288 739 2
288 792 4
288 879 8
288 891 5
288 899 4
289 304 4
289 398 9
289 413 1
289 419 4
289 428 3
289 449 5
289 506 2
289 516 3
289 612 1
289 719 2
289 733 10
289 750 2
289 833 9
289 837 4
289 856 1
289 912 10
289 930 4
290 303 10
290 362 9
290 378 10
290 434 7
290 443 3
290 480 9
290 536 1
290 597 1
290 622 6
290 677 1
290 725 9
290 740 8
290 753 4
290 896 6
291 344 8
291 443 5
291 448 6
291 455 6
291 470 4
291 493 10
291 560 5
291 611 9
291 628 4
291 728 2
291 781 10
291 787 6
291 800 4
291 845 6
291 924 1
291 930 9
291 937 4
291 942 7
291 974 9
291 977 5
292 300 4
292 321 7
292 322 2
292 509 7
292 534 1
292 655 5
292 673 2
292 762 2
292 772 8
292 793 5
292 809 5
292 914 5
292 939 8
292 970 2
293 311 9
293 312 4
293 319 3
293 367 10
293 409 2
293 419 7
293 448 3
293 499 2
293 535 9
293 766 3
293 827 5
293 881 7
293 895 2
293 970 4
294 352 4
294 426 5
294 542 6
294 561 7
294 572 2
294 604 2
294 607 6
294 666 4
294 768 10
294 803 10
294 804 10
294 808 4
294 863 8
294 904 1
294 912 1
295 321 5
295 388 5
295 418 1
295 437 9
295 464 7
295 525 1
295 530 8
295 537 10
295 562 2
295 632 9
295 743 1
295 746 6
295 810 8
295 923 7
295 931 5
295 983 5
295 995 8
296 309 2
296 343 1
296 476 2
296 504 4
296 575 7
296 588 10
296 612 8
296 679 2
296 742 10
296 902 3
296 941 7
296 947 5
296 955 1
296 990 6
297 322 2
297 340 6
297 348 8
297 382 10
297 397 2
297 466 6
297 606 6
297 630 9
297 805 3
297 860 3
297 882 10
297 899 3
297 932 7
297 940 2
298 324 4
298 339 6
298 397 8
298 444 1
298 536 7
298 551 4
298 559 7
298 689 5
298 716 9
298 770 2
298 774 6
298 785 7
298 891 4
298 987 7
299 357 4
299 358 3
299 386 4
299 432 1
299 514 5
299 578 6
299 608 10
299 729 6
299 866 7
299 900 4
300 315 4
300 325 6
300 345 8
300 384 5
300 393 3
300 456 6
300 472 10
300 474 6
300 542 10
300 598 4
300 676 5
300 811 8
300 832 3
300 840 4
300 849 7
300 853 10
300 871 7
300 891 9
300 920 3
300 978 6
301 342 3
301 387 1
301 577 8
301 735 5
301 826 7
301 863 9
301 912 1
301 925 4
301 984 5
302 313 6
302 364 7
302 369 9
302 549 1
302 641 1
302 682 1
302 818 7
302 886 4
302 890 10
302 993 1
303 314 10
303 375 7
303 694 3
303 877 1
303 914 6
303 993 6
304 305 4
304 344 4
304 505 9
304 510 7
304 528 9
304 534 10
304 545 4
304 550 4
304 602 5
304 612 4
304 666 5
304 783 4
304 786 10
304 904 8
304 967 5
305 337 2
305 398 10
305 476 9
305 537 3
305 572 3
305 645 7
305 689 2
305 799 3
305 882 8
305 904 5
305 911 7
305 917 2
305 982 1
306 426 3
306 515 2
306 626 8
306 681 7
306 686 8
306 741 9
306 810 8
306 878 8
306 937 10
306 946 3
306 953 5
306 959 9
307 331 5
307 540 4
307 609 3
307 622 10
307 736 3
307 763 4
307 806 3
307 835 10
307 860 10
307 879 6
307 927 2
308 321 4
308 343 10
308 399 6
308 428 10
308 446 9
308 461 2
308 464 5
308 510 1
308 522 3
308 599 2
308 600 6
308 731 10
308 846 10
308 880 1
308 916 8
308 927 10
309 458 10
309 492 1
309 517 10
309 568 9
309 585 8
309 659 7
309 671 1
309 694 8
309 815 9
309 821 1
310 347 10
310 436 9
310 454 2
310 517 2
310 539 5
310 611 3
310 652 9
310 763 5
311 397 2
311 425 5
311 465 9
311 480 9
311 506 2
311 561 1
311 574 10
311 642 3
311 717 7
311 724 6
311 736 3
311 782 3
311 798 4
311 859 1
311 882 10
312 330 2
312 428 10
312 557 10
312 573 9
312 694 6
312 791 3
312 955 10
313 350 2
313 374 2
313 401 5
313 438 6
313 594 6
313 605 7
313 611 2
313 616 8
313 631 6
313 663 8
313 673 7
313 881 5
313 897 4
313 926 9
314 489 4
314 679 6
314 722 4
314 763 10
314 765 2
314 888 7
314 905 10
314 968 7
314 970 9
315 376 1
315 397 4
315 441 10
315 493 5
315 495 9
315 524 9
315 530 4
315 571 10
315 577 6
315 584 5
315 642 1
315 693 8
315 721 6
315 750 9
315 833 8
315 853 9
315 896 5
315 903 1
316 322 9
316 353 6
316 405 10
316 416 8
316 429 9
316 481 9
316 545 4
316 640 5
316 688 4
316 740 1
316 844 4
317 453 1
317 494 1
317 518 4
317 533 2
317 555 10
317 592 6
317 631 1
317 663 7
317 682 10
317 683 6
317 702 4
317 715 9
317 752 1
317 819 9
317 863 9
317 884 9
317 939 4
317 943 9
317 949 1
317 959 4
318 363 6
318 498 7
318 517 10
318 529 3
318 531 9
318 540 7
318 555 10
318 604 1
318 766 1
318 818 1
318 854 6
318 857 4
318 924 4
318 928 2
318 931 6
318 975 3
318 984 5
318 986 2
319 534 5
319 630 6
319 668 7
319 703 3
319 722 9
319 763 9
319 906 10
319 919 5
319 995 1
320 349 9
320 358 3
320 379 5
320 385 5
320 392 4
320 399 9
320 433 7
320 456 7
320 511 1
320 657 7
320 680 5
320 776 3
320 790 8
320 835 9
320 895 1
320 907 5
321 346 4
321 402 3
321 430 8
321 583 5
321 626 10
321 650 7
321 674 7
321 697 7
321 712 10
321 720 1
321 724 3
321 918 10
321 935 5
321 997 7
322 357 7
322 392 9
322 413 4
322 444 4
322 464 1
322 694 1
322 759 9
322 788 5
322 789 8
322 796 9
322 817 5
322 836 5
322 891 6
322 901 9
322 904 3
322 910 8
322 952 10
322 961 1
322 964 6
322 996 3
323 326 1
323 361 7
323 383 10
323 384 8
323 424 5
323 429 8
323 562 3
323 603 4
323 604 6
323 655 8
323 680 9
323 731 9
323 767 10
323 814 8
323 821 2
323 825 6
323 830 9
323 938 2
323 939 3
323 978 9
324 464 8
324 536 2
324 556 10
324 719 8
324 723 10
324 727 1
324 943 3
325 328 8
325 395 1
325 471 10
325 495 10
325 505 8
325 521 2
325 683 1
325 735 4
325 751 9
325 765 3
325 795 10
325 801 6
325 811 6
325 832 10
325 854 4
325 856 5
325 862 3
325 870 5
325 879 3
325 892 1
325 906 7
325 962 10
325 964 5
326 375 8
326 428 5
326 584 6
326 585 5
326 608 8
326 628 5
326 680 10
326 718 9
326 890 7
326 993 3
327 336 8
327 439 8
327 479 1
327 591 6
327 604 2
327 621 8
327 664 4
327 683 6
327 787 6
327 837 6
327 941 8
327 960 5
328 342 1
328 370 6
328 404 6
328 413 10
328 433 5
328 582 9
328 608 8
328 615 6
328 696 5
328 706 6
328 804 6
328 852 7
328 872 5
328 919 5
329 454 8
329 498 9
329 547 6
329 659 10
329 702 8
329 708 2
329 790 10
329 822 1
329 843 2
329 952 5
330 406 10
330 710 7
330 757 3
330 846 6
330 868 10
330 900 10
331 397 6
331 554 3
331 603 7
331 635 3
331 652 2
331 663 3
331 700 4
331 712 9
331 733 3
331 798 1
331 813 2
332 391 6
332 505 9
332 603 10
332 647 3
332 759 1
332 801 4
332 868 4
332 995 1
333 420 10
333 465 4
333 503 2
333 524 9
333 526 6
333 563 2
333 758 8
333 808 6
333 823 6
333 826 5
333 898 8
333 934 7
333 960 10
334 558 6
334 604 4
334 606 9
334 611 4
334 612 8
334 616 7
334 695 1
334 757 7
334 793 8
334 812 10
334 857 8
334 938 9
334 948 3
335 398 3
335 434 8
335 479 6
335 486 3
335 572 10
335 581 8
335 674 2
335 681 8
335 722 7
335 745 7
335 753 1
335 856 6
336 402 6
336 485 9
336 527 2
336 566 10
336 637 3
336 789 10
336 813 8
336 878 5
336 890 1
336 916 8
336 965 10
336 987 2
337 369 1
337 384 9
337 443 7
337 474 5
337 529 5
337 550 1
337 559 7
337 605 2
337 618 4
337 664 3
337 793 9
337 843 5
337 849 9
337 880 10
337 907 7
337 953 7
337 984 3
338 355 1
338 362 1
338 380 4
338 392 3
338 532 4
338 586 7
338 636 10
338 757 7
338 759 3
338 776 7
338 923 9
338 980 2
339 358 10
339 371 1
339 381 2
339 384 9
339 404 3
339 521 8
339 596 9
339 599 4
339 694 5
339 723 4
339 880 7
339 883 5
340 347 10
340 358 2
340 421 5
340 523 3
340 524 8
340 530 1
340 571 7
340 688 10
340 731 7
340 776 2
340 965 1
340 983 6
341 371 8
341 376 2
341 380 6
341 381 10
341 382 5
341 389 7
341 413 9
341 432 9
341 446 9
341 525 4
341 613 4
341 623 4
341 721 4
341 805 4
341 842 2
341 863 10
341 868 9
341 869 7
341 873 3
341 996 4
342 348 2
342 492 8
342 591 10
342 665 7
342 754 10
342 788 1
342 832 6
342 896 7
342 916 10
342 969 7
342 975 9
342 987 4
343 367 8
343 409 9
343 575 1
343 584 10
343 633 7
343 804 4
343 846 10
343 883 5
343 905 4
343 918 4
343 952 3
343 992 4
344 385 6
344 400 1
344 409 8
344 476 4
344 494 5
344 496 5
344 501 7
344 569 4
344 622 6
344 692 1
344 810 6
344 987 3
345 380 4
345 475 9
345 530 7
345 577 5
345 742 8
345 770 9
345 826 4
345 926 8
346 358 1
346 392 4
346 401 6
346 421 10
346 431 7
346 495 7
346 514 2
346 531 4
346 565 8
346 584 8
346 629 6
346 835 2
346 844 4
346 880 10
346 890 5
346 898 3
347 395 9
347 526 6
347 535 3
347 682 6
347 723 5
347 756 1
347 784 3
347 838 1
347 863 3
347 886 2
347 905 1
347 957 5
348 367 6
348 433 6
348 474 1
348 490 7
348 500 4
348 684 6
348 852 1
348 888 9
348 920 2
348 925 1
348 951 7
349 424 7
349 455 10
349 462 7
349 556 8
349 566 9
349 610 7
349 639 10
349 708 1
349 800 9
349 837 10
349 992 6
350 372 2
350 380 2
350 426 4
350 446 5
350 453 2
350 695 1
350 970 8
350 990 1
351 390 8
351 408 9
351 431 10
351 519 2
351 553 4
351 589 5
351 606 2
351 609 5
351 649 8
351 681 1
351 738 7
351 743 8
351 922 5
351 944 4
351 947 9
351 972 1
352 359 6
352 401 10
352 439 1
352 477 5
352 501 5
352 502 7
352 621 3
352 684 4
352 741 3
352 805 3
352 816 4
352 859 8
352 872 1
352 889 2
352 904 6
352 945 10
353 463 2
353 590 7
353 614 10
353 681 8
353 749 2
353 786 8
353 842 1
353 859 10
353 860 7
353 928 8
353 940 9
353 984 5
353 985 10
354 527 1
354 581 7
354 688 8
354 739 10
354 813 6
354 816 5
355 405 1
355 481 5
355 526 3
355 531 4
355 594 5
355 685 1
355 696 8
355 745 7
355 772 3
355 781 1
355 800 1
355 815 8
355 862 5
355 948 4
355 967 8
355 986 10
356 538 10
356 568 2
356 585 5
356 620 1
356 621 3
356 674 10
356 696 8
356 700 8
356 743 5
356 776 4
356 793 2
356 797 8
356 906 6
356 941 8
356 992 2
356 993 7
357 366 1
357 415 3
357 506 9
357 568 1
357 582 6
357 602 9
357 607 2
357 628 2
357 679 5
357 771 7
357 832 10
357 845 1
357 847 3
357 862 5
357 915 2
357 921 10
357 937 1
357 945 2
358 473 10
358 493 4
358 517 8
358 520 1
358 612 3
358 638 7
358 665 2
358 693 10
358 741 1
358 771 7
358 798 6
358 855 1
358 939 1
358 968 9
359 365 8
359 386 6
359 404 5
359 405 5
359 409 2
359 468 2
359 609 5
359 659 9
359 673 10
359 744 10
359 774 6
359 786 8
359 825 2
359 872 5
359 876 8
359 985 3
360 405 4
360 429 10
360 432 10
360 489 9
360 511 6
360 530 6
360 756 7
360 777 1
360 967 3
361 503 9
361 580 10
361 602 1
361 772 6
361 834 9
362 402 2
362 425 5
362 477 1
362 489 8
362 530 1
362 567 10
362 602 2
362 687 8
362 741 3
362 791 4
362 863 5
362 905 5
362 926 1
362 946 4
362 983 10
363 402 9
363 414 8
363 452 6
363 479 6
363 506 9
363 526 4
363 610 3
363 639 2
363 659 10
363 706 6
363 828 5
363 860 7
363 937 8
363 970 10
364 368 10
364 565 10
364 585 3
364 615 4
364 633 9
364 636 5
364 704 8
364 731 2
364 745 6
364 819 4
364 862 10
364 910 9
364 940 6
365 376 10
365 496 3
365 506 6
365 536 8
365 571 3
365 576 6
365 596 2
365 598 4
365 695 1
365 702 6
365 746 9
365 751 9
365 752 9
365 794 2
365 817 4
365 824 7
365 905 4
365 933 5
365 998 10
366 373 8
366 398 1
366 434 1
366 468 10
366 473 4
366 592 6
366 703 2
366 800 2
366 871 3
366 945 10
366 997 3
367 416 9
367 424 4
367 474 6
367 522 9
367 534 5
367 560 10
367 637 8
367 647 3
367 648 1
367 673 6
367 695 6
367 795 4
367 866 7
367 879 2
367 963 8
367 996 9
368 463 7
368 471 5
368 494 1
368 500 2
368 502 6
368 531 7
368 540 5
368 594 8
368 609 10
368 799 10
368 801 7
368 918 3
369 403 4
369 517 7
369 566 10
369 581 8
369 594 8
369 625 9
369 663 9
369 666 1
369 674 1
369 691 4
369 713 8
369 732 8
369 744 8
369 815 1
369 863 6
370 372 10
370 445 10
370 446 1
370 492 4
370 574 3
370 689 8
370 746 5
370 755 10
370 866 10
370 941 1
370 944 7
371 387 10
371 418 5
371 561 1
371 595 5
371 753 4
371 760 8
371 766 5
371 943 8
372 420 7
372 422 2
372 465 2
372 481 4
372 495 6
372 543 5
372 560 2
372 593 1
372 626 6
372 635 7
372 727 2
372 786 4
372 850 10
372 936 6
372 983 9
373 398 9
373 470 9
373 533 7
373 626 10
373 663 8
373 664 6
373 752 7
373 754 3
373 781 10
373 782 7
373 833 5
373 994 2
374 403 3
374 461 8
374 481 6
374 509 3
374 557 1
374 631 2
374 668 9
374 692 8
374 757 3
374 764 3
374 813 2
374 853 5
374 968 6
374 974 9
374 984 8
375 442 8
375 512 8
375 529 7
375 588 1
375 641 10
375 682 9
375 688 3
375 693 9
375 700 2
375 756 5
375 793 6
375 843 10
375 865 5
375 875 8
375 975 4
376 476 3
376 537 5
376 583 3
376 620 6
376 692 3
376 744 6
376 842 9
376 849 1
376 959 6
377 441 8
377 469 8
377 504 7
377 528 4
377 551 6
377 589 9
377 812 1
377 828 9
377 847 2
377 857 7
377 962 8
378 442 1
378 480 8
378 487 5
378 550 5
378 560 2
378 586 10
378 654 10
378 664 7
378 703 1
378 717 5
378 789 7
378 804 8
378 825 1
378 854 10
378 883 10
378 966 2
378 974 4
379 410 8
379 425 3
379 599 2
379 626 8
379 693 4
379 916 6
379 922 10
379 926 4
380 439 8
380 451 7
380 527 4
380 552 6
380 658 1
380 723 9
380 767 3
380 894 8
380 974 10
381 433 6
381 468 10
381 471 9
381 533 9
381 613 10
381 617 4
381 712 3
381 732 1
381 762 8
381 888 7
381 939 2
382 586 5
382 597 9
382 602 10
382 634 3
382 711 3
382 727 4
382 738 10
382 756 8
382 775 8
382 784 10
382 801 2
382 804 7
382 827 9
382 866 10
383 443 2
383 542 10
383 594 8
383 617 10
383 757 4
383 768 6
383 797 5
383 918 1
383 922 6
383 927 5
383 929 4
383 932 4
383 966 4
383 995 4
383 998 10
384 394 4
384 454 8
384 497 4
384 657 7
384 662 2
384 686 10
384 745 6
384 755 1
384 781 2
384 834 5
384 955 10
385 423 3
385 439 3
385 470 2
385 513 2
385 524 6
385 562 4
385 571 7
385 585 10
385 602 7
385 885 7
385 914 4
385 967 8
385 977 9
386 454 5
386 608 2
386 636 1
386 721 7
386 729 2
386 811 10
386 898 6
387 442 5
387 445 5
387 488 2
387 546 9
387 592 8
387 732 9
387 757 3
387 758 2
387 783 5
387 786 10
387 792 2
387 805 3
387 812 2
387 913 6
388 392 2
388 493 6
388 591 6
388 597 10
388 609 9
388 618 8
388 626 4
388 668 7
388 687 10
388 701 6
388 704 10
388 761 6
388 798 1
388 814 4
388 849 5
388 874 2
388 903 7
388 925 7
388 935 9
388 938 8
388 953 1
388 968 6
389 593 7
389 692 6
389 736 7
389 763 1
389 829 4
389 852 2
389 865 7
389 933 10
390 407 9
390 421 4
390 428 8
390 459 8
390 523 4
390 557 2
390 563 7
390 607 3
390 624 7
390 651 8
390 666 1
390 756 10
390 929 9
390 982 8
390 985 10
391 415 10
391 422 8
391 430 1
391 433 4
391 446 9
391 487 6
391 553 3
391 573 1
391 645 10
391 662 3
391 689 10
391 739 6
391 749 6
391 836 5
391 977 9
392 437 2
392 482 3
392 517 8
392 592 1
392 596 8
392 672 4
392 697 9
392 742 6
392 807 7
392 900 7
392 947 3
393 480 6
393 484 9
393 489 1
393 537 9
393 582 4
393 602 6
393 775 10
393 848 6
393 882 7
393 921 6
393 957 5
393 998 6
394 522 5
394 582 8
394 617 4
394 647 7
394 691 7
394 789 7
394 827 7
394 916 9
394 933 5
395 410 1
395 484 10
395 547 5
395 559 7
395 600 5
395 605 4
395 612 2
395 650 5
395 782 3
395 905 10
395 969 5
396 438 8
396 472 7
396 588 2
396 592 6
396 633 1
396 664 3
396 666 7
396 758 1
396 783 7
396 837 6
396 890 2
396 909 10
396 994 2
397 485 2
397 498 5
397 604 3
397 664 7
397 752 2
397 803 7
397 852 3
397 858 10
397 889 6
397 919 6
397 985 8
398 481 6
398 517 6
398 566 3
398 592 10
398 628 3
398 642 6
398 660 8
398 681 10
398 686 1
398 697 3
398 737 8
398 765 10
398 796 8
398 899 10
398 915 10
398 943 1
398 989 1
399 403 9
399 462 8
399 607 7
399 631 8
399 719 7
399 734 5
399 762 6
399 791 10
399 894 2
399 918 10
399 980 6
400 445 6
400 470 9
400 475 9
400 532 8
400 641 1
400 661 4
400 712 7
400 729 7
400 754 9
400 868 6
400 948 10
400 983 7
401 408 10
401 427 8
401 460 2
401 590 8
401 628 4
401 735 7
401 747 9
401 831 6
401 900 6
401 951 8
401 955 5
402 426 9
402 435 1
402 533 3
402 604 4
402 621 4
402 641 6
402 694 5
402 726 2
402 780 8
402 818 5
402 886 10
402 895 10
402 901 8
402 915 7
402 948 1
402 994 7
403 406 8
403 425 3
403 507 6
403 542 6
403 651 2
403 657 6
403 664 2
403 812 8
403 846 2
404 412 10
404 414 5
404 444 8
404 576 5
404 618 5
404 623 7
404 631 9
404 637 3
404 643 3
404 664 3
404 733 7
404 768 9
404 771 7
404 774 9
404 785 1
404 903 6
404 923 6
404 966 6
405 671 5
405 705 7
405 809 1
405 879 10
405 887 10
405 932 2
405 980 2
406 561 6
406 600 9
406 626 3
406 676 3
406 680 5
406 760 1
406 766 8
406 776 2
406 804 6
406 824 9
406 829 1
406 859 9
406 906 8
406 910 2
406 912 8
406 926 4
406 930 5
406 965 1
406 968 3
407 452 5
407 469 1
407 529 3
407 533 3
407 538 2
407 572 9
407 582 4
407 627 10
407 643 2
407 652 6
407 693 5
407 698 6
407 749 10
407 786 2
407 856 4
407 919 5
407 979 1
408 481 9
408 538 2
408 557 1
408 578 10
408 588 4
408 589 10
408 667 10
408 669 6
408 727 6
408 828 8
408 860 3
408 890 10
408 961 4
408 991 2
409 445 4
409 583 9
409 620 5
409 675 8
409 738 2
409 753 10
409 759 9
409 799 7
409 940 6
409 973 10
410 514 1
410 548 10
410 579 4
410 677 4
410 687 9
410 890 3
411 414 4
411 445 4
411 511 8
411 523 7
411 547 6
411 590 1
411 667 6
411 798 1
411 832 9
411 840 5
411 908 9
411 952 1
411 986 7
412 419 2
412 492 9
412 498 9
412 538 4
412 612 5
412 719 8
412 720 4
412 734 7
412 746 6
412 758 8
412 774 6
412 781 1
412 795 5
412 848 5
412 858 1
412 925 4
413 462 4
413 605 4
413 619 2
413 622 1
413 688 4
413 751 10
413 862 1
413 894 7
413 942 6
414 421 3
414 454 7
414 477 3
414 591 6
414 620 8
414 639 8
414 651 4
414 686 4
414 708 6
414 719 8
414 759 2
414 905 1
415 416 2
415 417 3
415 455 9
415 488 1
415 503 4
415 508 8
415 559 4
415 595 1
415 625 8
415 635 10
415 669 2
415 686 10
415 780 9
415 795 5
415 816 8
415 894 8
415 917 3
415 927 8
415 938 8
416 625 4
416 632 3
416 633 4
416 753 10
416 847 5
416 922 5
416 926 1
416 952 5
417 543 2
417 549 2
417 700 6
417 715 3
417 727 9
417 743 2
417 795 9
417 804 8
418 467 9
418 525 2
418 547 7
418 575 8
418 640 9
418 656 1
418 697 3
418 705 5
418 727 4
418 838 8
418 896 8
418 909 8
418 930 6
419 436 5
419 466 7
419 533 8
419 548 5
419 609 1
419 671 1
419 702 6
419 756 6
419 766 3
419 812 5
419 813 8
419 831 4
419 874 5
419 988 5
419 994 7
420 436 5
420 529 5
420 610 6
420 631 1
420 640 4
420 649 9
420 651 7
420 657 8
420 720 5
420 721 10
420 754 2
420 775 7
420 820 1
420 929 8
421 476 7
421 505 8
421 636 8
421 701 8
421 708 5
421 752 8
421 770 8
421 827 6
421 890 10
421 923 6
421 963 6
422 424 6
422 495 8
422 553 4
422 562 6
422 567 7
422 582 10
422 587 8
422 597 7
422 639 8
422 659 5
422 673 8
422 833 7
422 849 1
423 446 10
423 456 8
423 508 3
423 523 9
423 672 3
423 713 4
423 734 3
423 872 9
423 879 9
423 896 10
423 917 1
423 925 9
424 489 1
424 493 5
424 533 1
424 566 6
424 617 3
424 671 2
424 720 3
424 899 7
424 915 7
424 929 6
424 939 9
424 951 3
424 988 1
425 444 5
425 463 10
425 480 8
425 487 9
425 526 8
425 569 10
425 589 5
425 609 3
425 617 7
425 688 6
425 696 3
425 708 2
425 783 5
425 978 5
425 984 5
426 503 3
426 523 5
426 535 6
426 562 9
426 578 3
426 733 10
426 756 7
426 848 2
426 876 8
427 434 1
427 674 2
427 746 8
427 791 7
427 974 2
427 980 5
427 988 4
428 544 10
428 614 4
428 647 9
428 663 6
428 678 4
428 710 8
428 734 6
428 772 6
428 784 8
428 861 9
428 862 6
428 914 10
428 989 5
429 487 7
429 513 10
429 748 4
429 828 10
429 891 4
429 970 6
430 495 6
430 503 5
430 548 5
430 572 7
430 581 5
430 604 6
430 658 7
430 821 7
430 888 2
430 960 9
431 451 7
431 488 5
431 592 4
431 609 5
431 617 10
431 636 5
431 642 10
431 658 3
431 694 7
431 734 5
431 782 1
431 819 1
431 863 10
431 879 6
431 963 2
432 445 8
432 486 5
432 587 3
432 621 4
432 650 5
432 723 1
432 821 6
432 881 8
432 930 10
432 941 2
433 571 3
433 629 9
433 651 6
433 722 5
433 781 8
433 851 9
433 863 10
433 919 9
434 531 8
434 558 4
434 579 9
434 585 1
434 680 4
434 728 9
434 825 2
434 856 2
434 926 4
435 455 6
435 474 1
435 483 9
435 596 7
435 641 2
435 689 8
435 791 1
435 807 4
435 834 4
435 991 1
435 992 4
436 479 8
436 497 4
436 639 2
436 654 1
436 703 7
436 750 9
436 775 6
436 805 1
436 807 6
436 809 6
436 826 3
436 830 10
436 892 10
436 980 4
437 447 2
437 450 3
437 542 2
437 620 10
437 624 5
437 625 6
437 752 8
437 797 8
437 801 5
437 810 2
437 852 2
437 907 8
437 921 3
437 937 2
438 451 9
438 480 2
438 483 4
438 529 7
438 570 8
438 727 6
438 785 2
438 854 5
438 869 7
438 881 4
438 965 2
439 586 6
439 617 9
439 705 1
439 747 1
439 958 9
440 513 4
440 531 6
440 548 8
440 567 1
440 600 8
440 672 9
440 817 7
440 822 9
440 980 2
441 593 5
441 645 8
441 680 1
441 771 2
441 809 4
441 821 4
441 834 3
441 840 2
441 906 7
441 934 7
442 473 8
442 485 7
442 614 5
442 695 3
442 721 6
442 723 3
442 731 2
442 931 6
442 995 1
443 645 8
443 661 5
443 708 4
443 709 7
443 790 7
443 875 9
443 931 4
443 940 4
444 613 5
444 637 8
444 706 3
444 708 3
444 769 9
444 787 1
444 989 2
445 452 3
445 637 1
445 689 4
445 724 6
445 737 4
445 841 9
445 891 6
445 917 7
446 495 4
446 604 10
446 617 8
446 623 4
446 711 9
446 725 3
446 756 3
446 801 6
446 870 5
446 950 2
447 464 4
447 480 3
447 500 10
447 526 2
447 534 2
447 574 4
447 623 7
447 657 9
447 883 8
447 932 9
447 993 1
448 474 10
448 512 7
448 533 6
448 550 10
448 653 5
448 695 4
448 730 10
448 798 4
448 817 6
448 827 10
448 837 9
448 904 5
448 912 4
448 972 9
449 475 3
449 511 2
449 526 5
449 612 10
449 676 3
449 708 7
449 730 2
449 792 7
449 793 4
449 845 3
449 859 10
450 462 9
450 464 9
450 501 2
450 538 5
450 597 6
450 633 3
450 690 4
450 823 2
450 882 7
451 480 9
451 512 3
451 580 8
451 621 3
451 637 5
451 639 6
451 674 7
451 710 7
451 719 4
451 722 7
451 735 4
451 739 10
451 756 3
451 882 8
452 486 5
452 520 10
452 675 7
452 703 6
452 707 10
452 812 8
452 865 8
452 948 6
452 991 5
452 997 7
453 518 5
453 547 8
453 571 5
453 574 6
453 609 2
453 703 8
453 765 7
453 842 9
453 848 5
453 901 3
453 990 4
453 991 8
454 506 9
454 579 3
454 598 2
454 661 10
454 665 5
454 737 2
454 803 10
455 522 2
455 524 10
455 577 3
455 601 6
455 609 8
455 619 8
455 643 10
455 704 3
455 757 4
455 762 7
455 781 6
455 861 1
455 921 2
455 926 9
456 484 2
456 521 5
456 532 3
456 560 4
456 696 9
456 741 5
456 779 9
456 910 4
456 997 5
457 488 3
457 610 3
457 629 10
457 706 5
457 761 2
457 793 10
457 818 3
457 823 7
457 832 2
458 583 8
458 666 9
458 702 7
458 712 3
458 737 4
458 772 4
458 894 6
459 460 9
459 480 2
459 543 9
459 551 6
459 578 1
459 602 2
459 607 2
459 837 6
459 842 9
459 972 7
459 979 5
460 538 10
460 583 1
460 644 9
460 745 7
460 827 9
460 848 8
460 894 9
460 901 1
461 473 4
461 480 9
461 485 10
461 486 5
461 490 6
461 493 2
461 710 8
461 834 10
461 860 2
461 925 5
461 993 1
462 589 8
462 616 8
462 628 2
462 709 9
462 714 3
462 882 5
462 888 6
462 897 4
462 911 9
462 959 2
462 973 5
463 567 7
463 722 1
463 847 8
463 900 10
463 958 6
463 959 2
463 992 3
464 520 1
464 539 1
464 616 1
464 643 8
464 663 6
464 676 9
464 750 9
464 829 7
464 859 3
464 876 4
464 921 9
464 937 6
464 948 4
465 467 5
465 502 10
465 574 4
465 668 4
465 725 7
465 732 8
465 812 9
465 903 6
465 923 3
465 956 7
465 958 4
465 993 7
466 574 8
466 584 9
466 597 4
466 653 4
466 658 5
466 685 8
466 702 7
466 764 5
466 853 8
466 892 7
467 489 2
467 512 6
467 570 6
467 660 7
467 672 9
467 687 4
467 736 3
467 884 3
467 940 7
467 942 7
468 480 7
468 505 8
468 592 2
468 602 7
468 685 4
468 735 6
468 740 3
468 767 9
468 825 1
468 920 2
468 973 7
468 977 7
469 522 2
469 560 10
469 641 4
469 768 5
469 828 9
469 877 5
469 890 1
469 934 4
470 566 4
470 632 9
470 693 8
470 698 1
470 707 3
470 790 5
470 824 3
470 826 7
470 868 3
470 890 6
470 910 3
470 998 9
471 581 10
471 602 2
471 609 10
471 664 1
471 670 6
471 763 8
471 862 2
471 909 2
471 929 5
472 474 1
472 633 4
472 685 9
472 715 4
472 744 4
472 906 9
472 919 1
472 922 8
472 932 5
472 961 9
472 963 9
473 557 8
473 570 10
473 580 3
473 585 7
473 589 4
473 610 5
473 713 6
473 741 6
473 781 2
473 823 3
473 872 6
473 905 10
474 532 1
474 544 3
474 650 3
474 695 1
474 789 5
474 795 6
474 834 3
474 935 1
474 941 3
474 945 2
475 537 6
475 541 9
475 556 9
475 682 10
475 695 3
475 771 7
475 773 9
475 857 4
475 916 9
476 479 3
476 535 3
476 546 8
476 573 6
476 586 6
476 709 7
476 775 6
476 811 6
476 845 1
476 848 2
476 882 7
476 907 5
476 920 4
476 948 9
477 502 10
477 559 2
477 616 1
477 658 6
477 730 6
477 736 4
477 804 1
477 847 5
477 859 6
477 904 6
478 561 5
478 588 10
478 595 10
478 616 5
478 617 10
478 691 8
478 711 10
478 772 3
478 778 6
478 895 2
478 905 2
478 932 5
478 987 7
479 480 6
479 481 1
479 548 7
479 655 2
479 711 3
479 758 9
479 771 4
479 776 8
479 855 9
479 910 1
479 951 4
479 956 4
480 551 1
480 822 5
480 861 9
480 916 3
480 927 5
480 971 10
480 978 4
481 528 2
481 557 9
481 577 5
481 580 7
481 605 2
481 657 4
481 728 6
481 765 6
481 796 9
481 868 10
481 901 6
481 910 1
481 981 2
481 993 7
482 486 7
482 524 3
482 623 6
482 722 7
482 737 1
482 751 3
482 761 8
482 883 4
482 909 10
482 974 3
482 989 3
483 553 6
483 603 5
483 684 8
483 704 7
483 708 7
483 736 9
483 747 4
483 850 5
483 901 2
483 923 8
483 935 10
483 942 10
484 558 5
484 704 9
484 856 8
484 886 2
484 950 9
484 967 6
485 497 3
485 572 6
485 588 6
485 647 1
485 688 4
485 710 8
485 793 6
485 815 4
485 872 1
485 881 5
485 996 3
486 503 9
486 565 8
486 615 9
486 685 10
486 770 10
486 908 10
486 991 5
486 992 5
487 528 2
487 558 4
487 570 3
487 747 5
487 812 5
487 816 9
487 830 8
487 894 7
487 897 5
487 984 8
487 996 6
488 621 1
488 678 10
488 690 5
488 727 5
488 781 8
488 817 6
488 866 9
488 940 1
488 962 2
488 968 9
489 553 8
489 556 2
489 617 2
489 645 10
489 702 3
489 743 3
489 781 3
490 522 2
490 539 8
490 560 1
490 610 8
490 661 6
490 696 8
490 737 5
490 777 3
490 800 9
490 939 7
491 493 3
491 561 3
491 578 7
491 623 9
491 648 2
491 656 9
491 684 3
491 713 2
491 762 1
491 861 5
491 929 3
491 984 3
492 746 10
492 811 4
492 849 5
492 985 3
492 997 7
493 506 2
493 557 6
493 628 1
493 634 7
493 686 7
493 690 5
493 780 10
493 787 10
493 827 10
493 863 5
493 869 2
493 962 9
493 998 9
494 564 7
494 587 2
494 616 8
494 625 10
494 691 7
494 698 1
494 699 1
494 731 3
494 783 5
494 804 7
494 846 10
494 881 10
494 888 10
494 961 5
495 595 10
495 691 1
495 702 5
495 827 4
495 878 10
495 909 6
495 910 9
495 914 4
495 923 2
495 978 1
496 516 9
496 591 7
496 765 1
496 796 9
496 812 2
496 845 6
496 857 6
496 928 6
496 943 9
496 947 6
496 953 6
497 552 1
497 570 1
497 611 3
497 648 8
497 678 2
497 685 6
497 700 6
497 803 2
497 893 6
497 974 2
497 977 8
498 576 2
498 677 1
498 720 3
498 849 2
498 887 10
498 905 10
498 919 7
498 960 7
498 969 7
499 522 8
499 533 3
499 719 4
499 791 6
499 817 8
499 927 5
499 929 4
499 931 1
499 985 3
500 525 10
500 558 9
500 605 1
500 645 1
500 658 5
500 692 3
500 739 1
500 793 7
500 920 9
501 698 10
501 756 3
501 774 3
501 787 5
501 857 1
501 914 7
501 922 2
501 990 6
502 532 7
502 548 7
502 728 7
502 875 9
502 899 5
502 916 5
502 949 2
502 992 9
503 532 10
503 539 6
503 620 2
503 653 6
503 734 8
503 776 1
503 992 9
503 996 10
504 585 4
504 596 7
504 598 1
504 622 8
504 651 3
504 656 3
504 698 3
504 705 8
504 709 8
504 711 9
504 734 2
504 827 5
504 889 5
505 516 4
505 592 10
505 597 4
505 675 7
505 690 1
505 783 7
505 824 6
505 842 2
505 847 6
505 853 3
505 876 2
505 935 7
505 995 8
506 548 10
506 551 3
506 585 8
506 668 9
506 840 9
506 895 10
506 912 9
506 914 1
506 930 5
506 931 9
506 986 1
506 987 2
507 526 2
507 527 2
507 575 4
507 577 4
507 682 9
507 709 3
507 740 7
507 799 6
507 803 1
507 812 4
507 859 8
507 862 8
507 950 2
508 535 6
508 665 4
508 707 8
508 768 5
508 907 9
509 511 10
509 533 10
509 537 8
509 642 5
509 675 3
509 761 1
509 830 7
509 867 7
509 913 6
509 920 1
510 703 6
510 760 1
510 774 10
510 821 7
510 857 7
510 881 1
510 947 8
510 952 1
511 581 1
511 586 10
511 656 3
511 752 6
511 904 3
511 905 6
511 915 3
511 951 8
511 960 9
511 962 1
512 523 2
512 563 4
512 592 5
512 634 6
512 636 8
512 756 4
512 763 10
512 797 3
512 899 5
512 932 2
512 943 2
513 724 10
513 759 8
513 910 3
513 917 6
514 522 2
514 563 10
514 574 1
514 578 5
514 685 2
514 699 3
514 725 7
514 750 5
514 797 3
514 805 6
514 820 9
514 834 6
514 838 1
514 840 9
514 866 7
514 900 3
514 972 9
515 575 10
515 583 4
515 592 8
515 596 8
515 645 6
515 730 2
515 755 2
515 770 6
515 799 7
515 800 3
515 939 3
515 999 4
516 564 7
516 585 6
516 643 4
516 646 3
516 652 9
516 685 10
516 697 8
516 747 8
516 773 1
516 775 8
516 898 10
516 992 9
517 603 2
517 633 3
517 676 5
517 823 7
517 869 5
517 878 10
517 896 3
518 535 6
518 564 1
518 608 5
518 609 10
518 615 3
518 762 4
518 807 1
518 974 8
518 980 9
519 767 5
519 770 5
519 774 7
519 941 6
519 991 7
520 523 3
520 574 10
520 703 7
520 783 8
520 876 8
520 989 5
521 609 3
521 749 7
521 821 2
521 825 2
521 860 7
521 885 1
521 964 10
522 548 10
522 618 9
522 628 10
522 746 1
522 752 6
522 755 3
522 866 3
522 907 3
522 915 4
522 941 1
522 945 4
522 959 2
522 993 4
523 656 7
523 676 10
523 692 7
523 739 7
523 883 6
523 931 1
523 941 6
523 956 5
523 978 3
524 552 4
524 609 1
524 631 3
524 651 1
524 654 6
524 694 5
524 745 3
524 784 2
524 799 5
524 802 1
524 818 10
524 826 2
524 858 9
524 907 8
524 939 6
524 967 3
525 598 3
525 617 8
525 621 4
525 645 7
525 651 7
525 655 4
525 705 2
525 708 6
525 798 5
525 881 7
525 930 5
525 991 6
525 998 6
526 706 10
526 743 7
526 763 7
526 818 2
526 835 2
526 836 7
526 895 6
526 920 3
527 539 7
527 554 7
527 568 1
527 639 8
527 691 3
527 719 4
527 735 4
527 758 5
527 784 3
527 801 6
527 874 8
527 896 6
527 948 6
527 977 9
527 980 8
528 576 3
528 587 10
528 652 9
528 757 8
528 764 8
528 852 10
528 895 7
528 928 3
528 963 7
529 542 8
529 722 5
529 834 5
529 861 2
529 877 9
530 552 8
530 568 10
530 686 7
530 705 4
530 726 9
530 740 2
530 916 8
530 943 9
530 951 3
530 979 7
531 546 7
531 618 2
531 629 10
531 685 9
531 744 9
531 753 9
531 839 10
531 862 5
531 877 5
531 919 3
531 952 5
532 575 1
532 638 1
532 737 9
532 753 10
532 787 10
532 844 9
532 952 2
533 701 10
533 709 10
533 713 3
533 743 8
533 860 3
533 960 5
533 984 1
534 578 7
534 590 1
534 670 5
534 730 1
534 731 7
534 866 9
535 663 10
535 669 5
535 723 10
535 793 8
535 896 8
535 952 1
535 974 5
535 978 9
535 979 10
536 700 8
536 710 7
536 753 1
536 832 2
536 837 4
536 899 10
536 934 10
536 959 4
537 588 5
537 600 1
537 605 6
537 672 2
537 820 3
537 833 10
537 851 5
537 915 2
537 951 1
537 952 8
537 963 8
538 578 7
538 619 4
538 628 8
538 643 3
538 735 1
538 750 8
538 827 5
538 864 5
538 886 6
538 896 9
538 899 6
538 961 9
538 986 5
538 989 6
539 541 3
539 544 8
539 638 2
539 665 1
539 738 5
539 756 5
539 759 3
539 774 2
539 799 10
539 826 10
539 827 9
539 949 7
539 998 5
540 575 8
540 643 5
540 674 2
540 709 6
540 758 2
540 795 2
540 861 6
540 863 7
541 583 5
541 592 3
541 594 3
541 659 8
541 664 1
541 734 10
541 747 10
541 749 1
541 764 4
541 773 5
541 912 5
541 924 7
541 978 9
541 992 2
542 547 7
542 569 2
542 660 3
542 670 1
542 714 1
542 721 7
542 802 6
542 861 3
543 628 3
543 690 7
543 712 9
543 719 7
543 797 6
543 801 7
543 843 1
543 952 1
544 637 7
544 797 7
544 853 7
544 873 9
545 619 2
545 632 4
545 685 2
545 715 7
545 748 3
545 770 6
545 800 10
545 811 3
545 848 8
545 852 2
545 922 10
546 575 6
546 606 4
546 628 10
546 665 3
546 704 5
546 748 8
546 817 2
546 846 7
546 876 5
546 951 5
547 590 1
547 922 4
547 954 6
548 576 7
548 695 5
548 709 1
548 734 6
548 849 3
548 932 1
548 963 1
549 604 5
549 653 2
549 660 9
549 724 6
549 734 5
549 742 10
549 802 3
549 823 2
549 826 5
549 863 9
549 886 10
549 910 3
549 912 5
549 933 4
550 563 3
550 621 2
550 692 10
550 729 3
550 738 9
550 818 1
550 926 8
550 950 6
551 575 8
551 817 7
551 868 10
551 897 6
551 934 6
551 972 4
551 992 2
552 612 2
552 620 9
552 663 10
552 681 4
552 723 6
552 785 6
552 852 6
552 962 8
553 558 6
553 666 3
553 720 10
553 750 5
553 838 7
553 851 2
553 941 6
553 970 10
553 992 5
554 569 5
554 675 10
554 810 10
554 875 4
554 926 7
554 927 3
554 975 1
554 990 2
555 606 6
555 621 5
555 627 6
555 648 9
555 673 10
555 709 4
555 758 8
555 760 10
555 769 4
555 804 9
555 862 9
555 882 1
555 933 5
555 953 8
555 972 3
555 988 3
556 603 7
556 608 5
556 640 2
556 642 5
556 875 1
556 920 3
556 980 2
556 993 10
557 627 5
557 656 4
557 680 5
557 686 1
557 689 5
557 716 4
557 748 8
557 760 7
557 790 3
557 809 3
557 910 1
558 685 3
558 773 9
558 817 5
558 822 5
558 973 6
559 584 9
559 623 3
559 741 4
559 797 8
559 813 5
559 818 7
559 850 10
559 890 4
559 914 7
559 931 8
559 934 8
559 977 6
560 581 3
560 661 2
560 662 4
560 716 5
560 759 9
560 857 2
560 869 6
560 924 5
561 613 6
561 670 7
561 768 8
561 826 1
561 935 9
562 576 5
562 587 5
562 646 3
562 656 1
562 707 8
562 742 4
562 770 5
562 813 4
563 580 9
563 581 2
563 604 2
563 783 3
563 965 9
563 977 6
564 593 2
564 646 2
564 689 4
564 743 1
564 784 5
564 874 7
564 945 4
564 960 9
564 964 3
564 971 7
564 992 2
565 568 6
565 700 5
565 725 2
565 828 3
565 900 9
565 917 2
566 589 4
566 658 5
566 752 3
566 789 6
566 803 3
566 818 10
566 830 5
566 876 9
566 916 7
567 598 3
567 602 2
567 672 3
567 698 10
567 702 5
567 804 2
567 811 5
567 860 6
567 864 7
567 942 3
567 945 8
567 980 3
568 587 8
568 597 4
568 719 7
568 870 2
568 896 4
568 905 8
568 925 5
569 618 9
569 651 8
569 741 1
569 752 2
569 776 5
569 792 8
569 918 1
569 938 3
569 955 7
570 576 1
570 644 1
570 844 3
570 922 2
570 941 1
571 645 2
571 757 4
571 991 10
571 996 7
572 619 7
572 645 4
572 667 2
572 843 6
572 974 7
573 595 5
573 888 3
573 924 10
573 935 4
573 970 6
574 651 10
574 653 5
574 679 8
574 712 5
574 714 8
574 782 2
574 796 1
574 816 2
574 865 5
574 907 9
574 921 3
574 991 3
574 996 3
575 577 3
575 785 8
575 797 7
575 848 8
575 895 9
575 957 4
575 988 6
576 619 8
576 668 5
576 679 8
576 748 4
576 810 10
576 818 4
577 730 10
577 740 7
577 786 8
577 795 4
577 815 7
577 962 10
578 639 2
578 668 7
578 704 9
578 781 3
578 786 3
579 615 5
579 664 1
579 674 9
579 733 8
579 794 9
579 866 7
579 900 3
579 995 6
580 607 10
580 682 6
580 745 2
580 794 6
580 801 8
580 834 9
580 886 7
580 901 6
581 594 2
581 647 5
581 676 8
581 680 2
581 719 1
581 771 9
581 796 2
581 935 3
581 980 10
582 681 8
582 736 7
582 768 8
582 839 5
582 978 6
582 998 8
583 754 8
583 795 3
583 824 9
583 909 7
583 937 5
583 966 5
584 595 6
584 619 7
584 810 4
584 841 8
584 978 4
585 629 3
585 656 4
585 706 1
585 718 9
585 773 3
585 786 2
585 805 2
585 817 9
585 894 9
585 932 8
585 957 5
585 993 10
586 633 3
586 730 2
586 735 8
586 819 7
586 879 5
586 900 2
587 822 7
587 858 7
588 663 4
588 707 8
588 765 2
588 793 9
588 830 8
588 838 5
588 931 7
589 628 10
589 681 7
589 687 7
589 762 6
589 781 2
589 824 3
589 891 10
589 913 9
589 935 3
589 963 8
590 599 5
590 603 10
590 690 10
590 773 8
590 801 3
590 837 3
590 849 3
590 894 7
590 919 5
591 593 1
591 604 5
591 615 1
591 623 8
591 674 5
591 917 8
591 992 9
592 632 4
592 705 8
592 711 7
592 737 7
592 777 4
592 955 9
592 996 4
593 636 5
593 752 7
593 761 5
593 777 5
593 862 5
593 955 9
594 687 9
594 832 9
594 873 9
594 901 6
594 910 5
594 917 8
595 699 2
595 827 3
595 901 5
595 927 2
596 665 3
596 666 1
596 740 8
596 752 6
596 888 10
597 669 4
597 759 9
597 838 6
597 916 8
598 646 8
598 663 8
598 716 6
598 765 9
598 788 8
598 857 9
598 862 1
598 894 1
598 904 7
598 909 1
599 662 8
599 783 3
599 799 3
599 820 10
599 824 1
599 832 10
599 961 1
600 699 7
600 721 2
600 877 5
600 903 1
600 972 8
601 663 3
601 670 6
601 683 4
601 715 2
601 789 10
601 808 9
601 851 7
601 863 2
601 879 2
601 993 3
602 680 7
602 898 8
602 914 9
602 954 4
603 644 6
603 651 2
603 661 2
603 754 5
603 860 2
603 894 5
603 969 7
603 992 9
604 632 5
604 724 4
604 827 6
604 846 2
604 950 5
605 659 7
605 755 7
605 833 1
605 906 9
605 908 2
605 911 10
606 614 8
606 681 2
606 705 3
606 718 10
606 816 10
606 903 6
606 939 4
606 985 4
607 809 4
607 819 7
607 873 3
607 905 8
607 923 6
607 967 9
608 680 6
608 772 3
608 915 9
608 916 8
608 928 1
609 630 6
609 645 7
609 705 5
609 737 6
609 738 5
609 803 4
609 936 7
609 942 4
609 989 2
610 623 8
610 772 5
610 875 3
610 877 1
610 887 9
610 897 1
610 984 3
610 993 1
611 686 8
611 726 3
611 736 6
611 786 6
611 832 5
611 863 8
611 870 7
611 887 3
611 889 8
611 925 3
611 931 2
612 767 4
612 893 1
612 938 8
612 982 5
613 721 10
613 734 9
613 864 6
613 906 1
613 912 2
613 918 5
613 937 10
613 942 3
614 690 5
614 703 6
614 734 5
614 809 1
614 859 2
614 862 9
614 925 9
614 941 8
614 944 3
614 987 3
615 681 2
615 688 7
615 721 2
615 773 7
615 865 7
615 876 8
615 879 10
615 909 3
615 919 9
615 963 1
615 964 6
616 726 7
616 733 10
616 757 8
616 808 2
616 835 6
616 923 6
616 928 6
616 936 3
617 628 2
617 634 5
617 640 10
617 678 1
617 736 7
617 739 8
617 754 4
617 761 5
617 783 8
617 788 9
617 817 8
617 858 3
617 903 1
617 906 8
617 961 10
618 650 2
618 684 4
618 710 3
618 713 9
618 739 6
618 776 10
618 864 10
618 871 8
618 909 8
618 911 9
618 983 9
619 621 10
619 641 8
619 653 5
619 670 5
619 673 7
619 697 1
619 778 1
619 789 6
619 790 10
619 794 5
619 797 6
619 818 8
619 838 6
619 858 4
619 884 7
619 974 1
619 992 1
620 636 9
620 742 1
620 841 8
620 868 5
620 903 8
620 914 2
621 644 1
621 654 5
621 682 5
621 716 6
621 769 9
621 786 2
621 912 5
621 913 7
622 624 1
622 679 3
622 693 7
622 713 6
622 740 10
622 773 5
622 906 9
622 953 6
622 970 5
623 633 9
623 674 6
623 683 4
623 770 3
623 874 7
623 900 6
623 944 5
623 977 9
624 637 4
624 681 4
624 683 4
624 859 10
624 865 8
624 882 8
624 932 2
625 664 7
625 845 7
625 894 9
625 925 10
626 679 2
626 687 8
626 698 4
626 759 7
626 773 4
626 777 7
626 787 10
626 871 6
626 965 7
626 974 8
626 994 1
627 648 5
627 660 10
627 663 4
627 690 5
627 852 6
627 937 6
627 980 8
628 704 3
628 718 10
628 724 6
628 820 9
628 835 1
628 855 6
628 856 7
628 951 4
628 981 1
629 667 6
629 671 4
629 728 10
629 747 8
629 774 9
629 929 8
629 960 2
629 985 10
630 890 10
630 949 10
630 954 1
630 965 9
630 987 5
631 664 7
631 668 4
631 828 4
631 933 3
631 953 8
632 731 10
632 743 3
632 770 5
632 781 4
632 854 7
633 698 10
633 732 10
633 753 5
633 764 2
633 836 5
633 891 1
633 923 7
633 956 7
634 678 6
634 730 1
634 749 3
634 772 8
634 844 7
634 885 7
634 989 4
635 649 2
635 787 2
635 879 10
635 923 4
635 933 7
636 641 3
636 746 10
636 800 9
636 824 7
636 864 3
636 872 9
636 943 4
636 980 9
636 987 5
637 640 6
637 651 8
637 738 9
637 828 2
637 867 4
637 871 2
637 978 9
637 991 4
638 718 5
638 771 4
638 784 8
638 829 5
638 836 9
638 874 10
638 907 5
638 939 1
638 981 6
638 995 10
639 646 6
639 690 7
639 775 1
639 790 4
639 801 9
639 860 5
639 934 3
639 954 2
639 987 10
639 994 6
640 643 10
640 671 9
640 745 8
640 747 3
640 829 2
640 851 5
640 889 4
640 913 10
640 972 2
640 998 10
641 817 4
641 833 6
641 853 2
641 854 7
642 647 5
642 693 5
642 723 6
642 776 6
642 816 7
642 856 7
642 882 7
642 947 2
642 973 8
642 984 4
643 722 9
643 798 4
643 805 6
643 886 9
643 910 5
644 707 4
644 801 5
644 803 8
644 956 6
644 980 2
645 679 7
645 697 1
645 732 9
645 733 9
645 777 4
645 781 2
645 815 7
645 887 1
645 912 8
646 662 4
646 716 3
646 806 1
646 916 3
646 930 7
647 725 6
647 727 1
647 758 7
647 822 8
647 884 5
647 996 4
648 676 4
648 692 2
648 701 6
648 810 4
648 823 10
648 905 7
648 906 5
648 964 9
648 992 3
649 657 8
649 669 9
649 720 4
649 729 3
649 756 1
649 760 4
649 762 8
649 807 6
649 933 3
650 682 7
650 707 10
650 725 4
650 740 3
650 763 4
650 813 2
650 816 1
650 823 10
650 841 1
650 854 8
650 891 3
651 697 3
651 799 7
651 833 8
651 836 1
651 873 2
651 874 6
651 898 3
651 911 7
651 936 9
651 965 3
652 680 1
652 684 2
652 714 2
652 744 2
652 767 3
652 886 5
652 969 8
652 974 8
653 852 10
653 903 6
653 904 3
653 908 2
654 830 5
654 887 10
655 760 6
655 783 2
656 754 7
656 891 2
656 956 1
657 775 10
657 868 7
657 893 3
657 950 7
658 768 1
658 790 1
658 844 5
658 940 6
658 985 5
659 708 7
659 794 3
659 844 5
659 870 9
659 907 1
660 671 10
660 714 8
660 716 9
660 739 2
660 835 9
660 847 6
660 863 10
660 995 6
661 798 2
661 837 8
661 839 4
661 849 10
661 852 7
661 854 8
661 870 2
661 986 9
662 732 1
662 813 1
662 851 1
662 912 7
662 922 1
662 937 4
662 958 1
663 785 10
663 854 4
663 931 1
663 958 2
663 968 4
664 705 10
664 732 5
664 963 5
665 711 9
665 778 10
665 830 8
665 885 9
665 988 2
665 991 9
666 691 6
666 703 5
666 709 10
666 744 10
666 775 1
666 785 3
666 803 7
666 827 3
666 839 3
666 886 6
666 999 10
667 673 9
667 855 5
667 856 4
667 880 3
667 915 9
667 920 9
667 932 6
667 989 6
668 681 5
668 778 3
668 798 7
668 858 3
668 869 7
668 939 10
668 976 9
669 698 1
669 707 10
669 754 8
669 789 3
669 987 9
670 749 8
670 850 7
670 892 10
671 691 8
671 697 9
671 758 6
671 781 4
671 809 5
671 891 9
671 918 9
671 951 6
671 965 4
672 691 4
672 710 7
672 749 3
672 768 4
672 776 2
672 844 8
672 863 5
672 978 2
673 703 8
673 789 10
673 886 6
673 907 7
674 719 7
674 766 2
674 806 10
674 940 4
674 942 10
675 703 4
675 714 2
675 721 3
675 762 1
675 765 5
675 775 10
675 797 8
675 805 9
675 814 3
675 856 6
675 886 8
675 956 4
675 974 1
676 699 10
676 722 2
676 807 3
676 863 6
676 918 8
677 709 2
677 854 7
677 857 9
678 771 5
678 808 6
678 852 10
678 858 4
678 880 1
678 898 7
678 932 7
679 749 6
679 780 9
679 808 8
679 823 9
679 843 3
679 855 5
680 858 5
680 892 7
680 964 2
680 984 1
681 805 2
681 824 8
681 913 5
681 934 6
682 689 1
682 701 8
682 759 1
682 783 9
682 784 3
682 831 4
682 854 6
682 884 2
682 907 8
682 961 8
683 760 5
683 813 4
683 827 1
683 863 9
684 728 3
684 773 3
684 912 8
684 946 9
684 951 8
684 986 6
685 688 3
685 741 2
685 798 3
685 891 6
685 921 3
685 997 3
686 694 6
686 703 9
686 719 1
686 733 1
686 852 3
687 707 7
687 795 2
687 956 6
687 987 2
688 792 10
688 811 2
688 861 4
688 866 2
688 872 9
688 907 5
688 913 4
688 972 4
689 692 4
689 715 10
689 771 3
689 812 1
689 854 7
689 966 6
690 831 8
690 833 9
691 735 9
691 736 6
691 751 1
691 813 7
691 833 3
691 843 5
691 852 2
691 951 4
691 970 3
692 725 5
692 876 3
692 911 5
692 941 3
693 700 10
693 722 5
693 801 1
693 835 9
693 935 6
693 955 9
694 711 10
694 714 6
694 721 3
694 742 10
694 784 7
694 825 6
694 867 9
694 930 3
695 832 9
695 866 10
695 867 1
695 899 7
695 954 8
696 781 1
696 792 1
696 895 4
696 911 5
697 720 4
697 723 8
697 744 5
697 805 9
697 829 2
697 866 9
697 969 2
698 766 2
698 784 10
698 792 10
698 839 10
698 846 4
699 741 8
699 749 2
699 763 10
699 784 6
699 818 3
699 900 5
700 732 8
700 957 6
701 731 8
701 734 5
701 781 7
701 886 10
701 908 4
701 925 3
701 930 6
701 952 3
701 968 3
702 721 7
702 728 10
702 784 7
702 888 7
702 943 6
702 960 5
702 976 2
703 704 1
703 712 5
703 714 10
703 780 10
703 812 3
703 831 1
703 928 5
703 941 9
704 745 4
704 793 4
704 833 10
704 860 6
704 908 5
704 923 8
705 722 7
705 761 7
705 775 4
705 798 6
705 865 1
705 897 1
705 959 5
706 886 1
706 927 4
706 929 6
706 974 8
706 998 10
707 725 6
707 743 4
707 928 7
707 943 2
707 979 3
708 806 8
708 841 5
708 879 10
708 950 7
708 957 10
708 967 5
709 759 3
709 885 3
709 915 5
709 925 4
709 976 8
711 818 10
711 858 6
711 907 9
711 974 3
711 986 6
712 811 1
712 879 4
712 892 7
712 911 9
712 957 9
712 959 5
712 997 1
713 795 7
713 811 9
713 817 3
713 823 9
713 844 8
713 851 2
713 913 6
713 951 4
713 964 8
713 998 9
714 747 7
714 783 1
715 719 2
715 751 3
715 797 6
715 862 2
715 894 4
715 907 1
716 724 1
716 826 8
716 921 5
716 945 9
716 951 7
717 803 5
717 961 3
718 724 2
718 742 10
718 854 7
718 981 5
719 846 3
719 861 1
719 939 1
719 983 10
719 998 4
720 724 8
720 775 3
720 793 7
720 795 7
720 809 5
720 849 2
720 872 2
720 969 3
720 998 10
721 748 9
721 826 1
721 894 5
721 896 5
722 727 6
722 857 3
722 883 6
722 900 8
722 922 9
722 985 9
722 988 5
723 787 3
723 832 2
724 764 8
724 777 3
724 848 4
724 893 3
724 929 6
724 965 6
725 730 5
725 792 7
725 927 4
725 932 4
725 933 9
725 935 5
725 971 3
726 806 6
726 819 4
726 926 7
727 742 7
727 801 7
727 854 6
727 862 3
727 865 3
727 894 7
727 917 2
727 952 6
727 971 3
727 984 10
728 778 2
728 791 7
728 795 7
728 846 7
728 860 1
728 875 8
728 925 1
728 926 9
729 761 8
729 773 2
729 877 5
729 893 5
729 929 3
729 938 4
730 731 2
730 735 9
730 836 1
730 881 6
730 907 6
730 980 4
731 780 6
731 783 10
731 805 8
731 842 1
731 861 7
731 985 5
732 790 2
732 825 1
732 834 6
732 847 9
732 887 10
732 941 10
732 945 10
732 999 3
733 826 5
733 843 9
733 844 5
733 921 10
733 990 7
734 782 3
734 880 8
734 920 6
734 957 1
735 855 4
736 760 1
736 775 6
736 852 2
736 962 8
736 963 7
737 801 9
737 820 8
737 836 1
737 852 4
737 881 2
737 922 4
737 985 8
738 766 5
738 874 7
738 991 10
739 834 5
739 892 7
740 752 8
740 755 9
740 805 8
740 811 9
740 819 4
740 887 9
740 978 9
740 994 5
741 926 7
742 854 2
743 744 8
743 852 5
744 748 9
744 758 1
744 772 7
744 788 1
744 840 10
744 980 4
745 872 2
745 905 7
745 953 10
746 799 6
746 874 1
746 882 10
746 962 6
746 964 10
747 811 7
747 819 8
747 854 4
747 883 6
747 914 5
747 932 1
747 962 9
748 765 1
748 835 5
748 939 7
748 974 10
749 766 1
749 813 6
749 943 5
750 758 6
750 768 4
750 832 1
750 860 3
750 898 8
750 918 6
750 967 9
750 972 9
750 978 1
751 790 4
751 805 6
751 851 2
751 858 5
751 932 9
751 934 2
752 760 10
752 767 5
752 773 6
752 801 2
752 838 4
752 853 10
752 912 6
752 998 3
753 801 4
753 856 10
753 857 6
753 913 6
753 963 1
753 969 2
753 992 3
754 800 3
754 839 3
754 842 2
754 847 3
754 873 6
754 880 5
754 983 3
754 984 3
755 861 5
755 983 1
756 771 2
756 786 9
756 794 9
756 894 4
756 901 8
757 859 3
757 902 3
757 926 3
757 954 9
758 802 5
758 839 8
758 903 7
758 923 3
758 947 8
758 984 1
759 856 3
759 867 10
759 872 2
759 906 4
759 915 10
759 954 2
760 836 4
760 857 5
760 880 2
760 892 1
760 922 10
760 927 9
760 976 5
760 999 5
761 790 8
761 853 6
761 979 4
761 995 2
761 998 3
762 789 9
762 812 2
762 824 6
762 847 1
762 863 7
762 926 5
762 939 10
762 956 4
763 931 5
763 946 2
763 966 8
763 971 5
764 914 1
764 968 2
764 989 1
765 814 1
765 979 5
765 998 4
766 791 3
766 818 5
767 784 4
767 825 4
767 828 3
767 870 4
767 911 7
767 929 2
767 942 2
767 988 10
768 841 8
768 872 5
768 892 10
768 930 6
768 939 1
769 850 5
769 947 6
769 950 6
770 786 10
770 795 9
770 808 10
770 816 1
770 896 4
770 921 1
770 927 4
770 947 3
770 951 2
770 961 7
771 805 6
771 811 9
771 871 5
771 915 4
771 919 5
771 957 10
771 988 9
772 798 2
772 805 5
772 895 7
772 929 2
772 935 2
772 945 6
772 953 1
773 783 6
773 786 10
773 806 9
773 910 7
773 948 3
773 964 1
774 984 4
775 780 10
775 857 7
775 910 8
775 976 7
776 892 9
776 935 3
777 850 2
777 861 6
777 866 3
777 880 6
777 902 8
777 933 4
778 804 6
778 834 6
778 844 7
778 871 1
778 873 9
778 907 7
778 924 10
778 980 2
779 823 6
779 883 2
779 911 1
779 981 10
780 853 10
780 869 9
780 894 10
780 897 1
781 790 4
781 835 2
781 838 2
781 845 5
781 869 8
781 918 7
781 956 4
782 783 5
783 792 2
783 795 3
783 807 9
783 886 10
783 887 1
783 971 5
784 922 7
784 928 2
784 935 9
784 948 1
784 995 10
785 815 3
786 845 9
786 871 5
786 903 5
786 938 4
786 965 7
787 905 8
787 915 7
787 962 1
788 843 6
788 850 9
788 882 9
788 923 3
788 931 6
788 955 4
788 985 2
789 828 8
789 841 9
789 905 2
789 965 3
790 804 7
790 815 4
790 942 9
791 829 4
791 862 9
791 891 5
791 896 3
791 913 6
791 997 5
792 794 6
792 901 1
792 973 1
792 988 1
793 805 2
793 831 9
793 851 4
793 866 10
793 901 1
793 964 7
794 927 8
794 980 6
794 996 8
795 815 9
795 843 4
796 826 7
796 863 2
796 918 2
796 954 10
796 956 4
796 989 8
797 889 2
797 892 4
798 850 9
799 814 9
799 821 2
799 863 9
799 868 8
799 940 6
799 952 5
799 958 6
799 962 1
800 848 3
800 880 6
800 893 2
800 902 5
800 925 8
800 930 8
800 993 2
801 860 6
801 869 4
801 872 9
801 888 9
801 900 4
801 907 7
801 940 6
802 832 10
802 930 9
802 955 8
802 956 8
802 975 9
803 826 6
803 839 3
804 827 8
804 915 8
804 941 9
805 854 4
805 885 8
806 820 9
806 845 10
806 922 6
806 927 8
806 955 6
806 970 2
807 833 1
807 926 8
807 940 10
808 830 9
808 870 3
808 951 3
809 862 3
809 902 1
809 904 2
809 963 6
809 966 1
809 984 1
809 986 5
810 902 3
812 857 3
812 996 1
813 857 2
813 944 2
813 946 5
813 963 1
813 974 3
813 989 6
813 999 10
814 842 3
814 846 8
814 903 5
814 973 4
815 903 2
816 849 10
816 963 6
816 980 5
817 851 7
817 852 2
817 870 2
818 855 10
818 906 5
818 962 7
818 984 8
819 955 9
820 876 6
820 932 2
821 843 9
821 844 3
821 900 8
821 944 7
821 955 5
822 837 10
822 914 3
822 919 7
822 977 10
823 847 10
823 852 8
823 873 2
823 897 9
823 907 10
823 928 2
823 947 4
823 978 9
824 918 8
824 978 5
825 841 10
825 873 10
825 911 4
826 855 4
826 897 4
826 926 2
827 831 7
827 900 9
828 847 5
828 886 9
828 891 10
828 907 10
828 914 2
828 970 10
828 994 2
829 836 1
829 881 2
829 962 4
829 989 2
830 930 1
830 988 6
831 881 1
831 906 2
831 949 1
832 901 5
833 868 4
833 932 8
833 955 7
833 990 10
834 944 10
834 953 1
834 987 7
835 866 3
835 869 4
835 900 4
835 910 10
836 891 5
836 938 4
836 947 9
836 960 2
837 857 1
837 872 8
837 914 8
837 950 2
837 998 10
838 896 1
838 946 8
839 902 5
840 925 8
840 928 7
840 939 8
840 976 9
841 857 8
841 869 2
841 883 6
841 888 9
841 931 10
842 872 3
842 875 4
842 918 1
842 923 4
842 944 6
843 882 3
843 927 2
844 987 7
844 989 10
844 996 3
845 862 8
845 882 1
845 903 8
845 904 9
845 910 5
846 857 2
846 883 10
846 901 3
846 913 6
847 948 8
848 882 9
848 933 3
848 948 1
848 962 5
848 993 5
848 997 5
849 854 2
849 925 2
850 861 5
850 897 5
850 986 4
851 901 10
851 978 5
852 860 6
852 861 9
852 871 10
852 872 2
852 887 8
852 974 2
853 858 5
853 880 8
853 885 7
853 929 4
853 949 8
853 959 4
853 965 1
854 871 3
854 922 3
854 925 9
854 962 4
855 856 6
855 919 6
855 922 2
855 960 6
855 972 7
856 986 4
857 906 4
857 960 5
857 971 1
857 982 9
859 906 7
859 955 5
859 981 2
860 875 7
860 922 5
861 922 4
861 932 2
861 937 4
861 970 3
862 891 7
862 961 8
863 890 9
863 896 7
864 880 10
864 918 2
864 926 10
864 982 5
864 987 4
865 867 3
865 894 9
865 961 7
865 968 9
865 970 2
866 923 10
866 954 6
867 881 2
867 966 2
867 987 10
868 878 5
868 983 1
869 907 5
870 961 9
871 930 4
871 984 9
872 933 7
872 954 5
872 968 8
873 948 6
874 884 5
874 963 9
875 891 10
875 938 9
876 890 1
877 922 4
877 954 4
878 886 4
878 902 1
879 927 7
879 936 1
879 985 10
880 960 8
880 990 6
881 927 2
881 966 5
881 993 1
882 912 1
882 920 1
882 930 10
882 975 2
883 928 7
884 975 10
885 897 4
885 917 8
885 920 10
885 956 10
885 976 2
886 902 7
886 911 2
886 983 6
887 931 6
887 963 2
888 926 1
888 983 9
889 890 10
889 894 8
889 920 1
889 925 9
889 947 9
890 974 1
892 967 10
893 930 3
893 935 9
893 940 1
894 925 9
894 930 5
894 942 9
894 972 8
895 954 10
895 993 6
896 932 6
897 953 2
897 959 8
897 978 3
897 981 9
897 983 1
897 995 1
898 902 8
898 950 6
898 971 1
898 976 10
899 968 5
899 969 9
899 991 2
900 989 6
901 988 10
902 957 3
903 910 9
903 915 8
903 929 9
903 953 8
904 908 5
904 990 2
905 916 7
905 945 9
905 951 10
906 909 6
906 962 5
907 917 10
908 926 8
908 961 3
908 976 9
908 981 4
909 922 1
910 957 4
910 989 8
911 985 4
912 981 2
912 987 10
913 917 8
914 922 10
915 928 1
915 930 4
916 989 4
916 992 8
918 939 2
918 954 8
918 969 7
919 953 8
919 962 10
919 989 9
920 929 1
920 938 8
920 999 5
921 990 10
923 934 10
923 960 6
923 986 8
924 939 7
924 941 3
924 978 9
926 930 7
926 938 1
926 981 9
928 931 3
929 949 7
930 966 8
930 970 2
930 973 9
936 947 3
937 948 4
937 951 6
937 958 6
938 942 5
938 952 5
938 999 8
940 957 4
940 976 7
941 942 3
942 975 3
942 976 10
944 949 2
944 959 1
944 971 4
945 960 2
945 962 2
946 959 5
946 965 4
946 976 9
948 984 10
948 997 6
949 950 3
949 994 5
951 962 4
951 983 3
951 996 10
951 998 10
952 985 3
952 994 2
953 986 7
953 998 6
954 975 10
954 993 10
959 987 7
960 979 5
960 980 2
960 987 2
961 968 9
962 964 8
965 986 4
969 972 6
970 973 9
972 993 5
975 985 7
976 981 2
977 981 1
978 999 7
980 990 4
986 999 2