100 495
0 26 3
0 38 5
0 56 4
0 59 4
0 67 10
0 70 1
0 80 6
0 86 1
0 95 3
1 17 7
1 32 1
1 69 10
1 72 7
1 75 2
1 80 2
1 83 5
1 90 2
1 92 10
2 5 10
2 9 3
2 15 2
2 16 8
2 18 3
2 28 5
2 35 8
2 43 5
2 67 2
2 72 5
2 74 2
2 83 6
3 11 4
3 31 9
3 72 6
3 73 3
3 74 8
3 75 3
3 92 4
4 12 3
4 15 8
4 23 8
4 27 10
4 37 5
4 38 7
4 47 1
4 52 4
4 56 4
4 64 7
4 80 9
4 96 1
4 98 4
5 14 3
5 23 2
5 33 2
5 36 3
5 37 7
5 64 6
5 72 3
5 85 2
5 97 10
5 98 6
6 11 9
6 15 4
6 37 3
6 39 10
6 46 1
6 69 1
6 72 3
6 77 2
7 8 5
7 12 3
7 27 9
7 49 4
7 60 4
7 61 2
7 84 5
7 91 2
7 96 5
8 10 9
8 15 4
8 25 3
8 35 4
8 44 6
8 62 1
8 76 8
8 80 7
8 87 10
8 89 9
8 91 6
8 99 1
9 35 5
9 42 2
9 47 9
9 51 2
9 56 8
9 64 7
9 78 1
9 83 3
9 87 4
9 99 3
10 14 4
10 24 2
10 28 9
10 31 3
10 35 8
10 52 7
10 56 1
10 68 5
10 81 8
10 86 2
10 88 1
10 99 8
11 25 1
11 26 6
11 30 4
11 32 4
11 35 5
11 36 9
11 39 4
11 63 10
11 99 3
12 26 8
12 28 9
12 34 10
12 37 2
12 44 1
12 71 7
12 72 2
12 73 4
12 80 9
12 87 6
12 90 2
13 25 2
13 39 8
13 51 3
13 80 3
13 81 1
13 96 4
14 27 7
14 31 6
14 50 4
14 52 2
14 59 1
14 68 4
14 78 4
14 81 8
14 86 8
14 93 1
15 20 9
15 27 6
15 31 4
15 45 3
15 47 1
15 66 2
15 94 9
16 19 2
16 24 7
16 34 9
16 38 4
16 42 7
16 49 1
16 66 2
16 70 9
16 72 4
16 85 4
17 32 3
17 39 5
17 42 10
17 83 2
17 88 10
17 96 6
18 33 6
18 39 9
18 88 5
18 91 1
18 92 5
18 95 4
19 42 10
19 47 5
19 55 2
19 70 1
19 73 9
19 76 2
19 87 3
19 88 7
19 91 5
19 99 3
20 32 1
20 35 8
20 44 10
20 48 3
20 64 5
20 75 10
20 85 8
20 98 1
21 49 9
21 51 8
21 60 4
21 70 5
21 72 5
21 80 2
22 37 5
22 57 6
22 77 1
22 88 9
22 91 1
23 44 2
23 66 7
23 69 4
23 72 2
23 79 10
23 83 5
24 27 7
24 49 9
24 50 6
24 76 4
24 78 6
24 82 1
24 94 4
24 99 10
25 30 6
25 47 9
25 57 5
25 67 8
25 70 6
25 76 10
25 86 4
25 99 9
26 27 10
26 48 2
26 50 4
26 51 9
26 52 4
26 81 2
26 86 8
26 95 2
27 59 10
27 68 9
27 78 3
28 43 1
28 58 8
28 61 3
28 63 4
28 71 7
28 72 6
28 84 7
28 89 7
28 97 8
29 35 4
29 36 9
29 44 2
29 46 4
29 49 7
29 55 9
29 56 3
29 82 4
29 99 8
30 38 4
30 65 1
30 72 10
30 89 6
30 96 8
31 45 4
31 83 2
31 87 6
32 69 4
32 82 10
32 84 4
33 46 8
33 55 5
33 73 2
33 74 8
33 76 6
33 77 3
33 81 6
33 90 1
33 92 5
33 93 3
33 96 8
33 98 6
34 89 5
35 40 2
35 46 5
35 58 8
35 67 8
35 71 8
35 79 5
35 84 9
35 86 7
35 87 4
35 93 4
35 96 3
36 46 7
36 61 6
36 71 8
36 87 3
36 89 4
36 95 4
36 97 6
37 47 7
37 52 2
37 64 2
37 75 4
37 88 7
37 93 6
37 99 8
38 56 5
38 61 10
38 68 1
38 70 4
39 55 7
39 69 9
39 74 2
39 78 7
39 84 1
39 97 9
40 86 8
41 69 4
41 71 2
41 82 10
41 89 5
42 56 9
42 64 2
42 65 2
42 71 1
42 89 2
42 90 9
43 44 3
43 59 1
43 60 7
43 62 9
43 66 1
43 73 2
43 92 9
44 46 9
44 54 6
44 57 9
44 68 2
44 75 7
45 48 4
45 76 3
45 83 9
45 85 10
46 61 2
46 67 6
46 79 3
46 91 2
47 59 2
47 85 10
47 89 1
48 58 7
48 60 1
48 71 3
48 75 5
48 85 5
48 86 10
48 91 3
48 96 4
49 61 8
49 72 8
49 74 8
49 83 1
49 84 4
49 86 9
49 88 5
50 62 6
50 67 7
50 84 2
50 87 10
50 92 8
51 53 9
51 54 8
51 61 9
51 75 1
51 76 10
51 77 9
51 99 2
52 60 7
52 76 2
52 88 1
52 89 10
53 65 10
53 68 5
53 93 6
53 99 3
54 57 8
54 64 9
54 66 7
54 75 5
54 77 9
54 79 2
54 81 9
54 82 9
55 65 3
55 92 2
55 94 5
56 58 6
56 78 4
56 79 2
56 84 4
56 98 6
57 70 1
57 76 5
57 95 1
58 61 1
58 80 1
59 67 1
59 68 3
59 99 8
60 61 1
60 95 3
61 71 7
61 78 2
61 95 5
62 63 6
62 68 6
62 71 8
62 74 1
62 81 3
62 97 10
62 99 10
63 70 10
63 89 10
64 66 2
64 87 10
64 90 9
64 97 3
65 69 8
65 79 3
65 85 3
66 70 7
66 76 2
66 89 7
67 85 2
67 88 7
67 96 9
68 80 1
68 81 8
68 82 10
68 93 3
69 71 7
69 74 8
69 91 9
69 92 7
69 95 1
70 72 3
70 73 5
70 92 8
70 93 9
71 76 1
71 83 1
71 84 8
72 76 9
72 81 6
72 88 6
72 90 1
72 92 4
73 77 7
73 78 7
73 97 3
74 86 3
74 89 7
74 92 4
74 94 7
75 83 2
75 84 4
75 97 3
76 77 8
76 83 6
76 87 8
76 94 2
77 79 9
77 97 9
78 81 5
78 94 6
79 81 10
79 84 1
79 85 1
79 86 9
79 87 4
79 98 8
80 83 3
80 87 8
81 87 2
81 95 1
82 85 6
83 89 3
85 90 9
86 92 2
87 90 9
88 99 9
90 99 6
91 99 10
92 99 8
95 97 5
98 99 9