100 471
0 7 9
0 68 8
1 12 3
1 29 10
1 32 2
1 34 1
1 53 5
1 62 1
1 75 9
1 77 9
1 80 3
1 92 4
1 98 5
2 10 3
2 13 2
2 16 4
2 18 10
2 22 10
2 27 1
2 35 8
2 42 6
2 58 5
2 62 7
2 91 3
3 7 8
3 17 1
3 20 8
3 25 5
3 29 2
3 30 1
3 32 9
3 46 2
3 65 3
3 70 9
3 81 9
3 89 6
3 92 3
3 97 1
4 11 7
4 16 10
4 39 3
4 45 5
4 71 8
4 75 5
4 93 5
4 96 6
5 14 4
5 23 4
5 42 7
5 43 7
5 45 10
5 46 2
5 69 4
6 8 7
6 18 8
6 20 1
6 36 9
6 40 7
6 81 1
7 21 2
7 35 9
7 37 6
7 42 7
7 46 9
7 52 5
7 60 1
7 66 2
7 83 4
8 13 6
8 53 6
9 23 3
9 47 2
9 53 8
9 58 9
9 65 9
9 88 4
9 92 7
9 94 2
10 12 10
10 15 7
10 27 5
10 31 5
10 32 1
10 52 6
10 83 2
10 87 7
10 95 6
11 13 7
11 26 3
11 32 1
11 35 2
11 43 6
11 45 8
11 47 1
11 67 2
11 68 7
11 70 8
11 79 2
11 95 6
12 14 4
12 20 10
12 24 6
12 31 4
12 32 8
12 39 4
12 49 5
12 53 5
12 54 7
12 73 1
12 86 9
12 88 1
12 94 10
12 98 1
13 17 4
13 46 8
13 47 8
13 65 10
13 71 3
14 30 2
14 47 8
14 50 6
14 88 8
14 92 9
15 29 6
15 34 3
15 35 2
15 41 9
15 49 7
15 52 6
15 53 3
15 59 3
15 69 7
15 71 8
15 77 2
15 89 1
15 94 3
16 19 5
16 20 3
16 37 4
16 63 1
16 66 7
16 72 8
16 74 6
16 77 4
16 80 8
16 82 6
17 32 10
17 58 1
17 59 3
17 64 2
17 68 9
17 70 9
17 94 4
18 29 9
18 33 10
18 36 6
18 39 1
18 53 2
18 58 6
18 77 5
18 90 4
19 20 1
19 21 8
19 23 9
19 24 8
19 44 3
19 49 7
19 72 5
19 74 2
19 75 3
19 80 1
19 82 2
20 28 4
20 55 5
20 58 5
20 70 3
20 99 5
21 23 6
21 27 4
21 32 3
21 44 2
21 58 2
21 64 7
21 83 7
21 84 10
21 89 1
22 23 10
22 30 2
22 58 9
22 64 9
22 76 2
22 82 3
22 89 6
22 90 6
22 98 9
23 36 9
23 49 9
23 61 2
23 67 10
23 71 2
24 44 6
24 45 7
24 50 3
24 63 5
24 69 4
24 71 10
24 75 3
25 31 5
25 40 6
25 49 8
25 70 1
25 77 10
25 95 6
26 52 9
26 53 2
26 77 1
26 79 1
26 82 6
26 84 2
26 90 2
27 29 1
27 34 7
27 35 3
27 45 3
27 61 8
27 69 3
27 80 6
27 99 10
28 33 5
28 38 5
28 42 5
28 57 9
28 61 10
28 67 5
28 90 8
28 92 5
29 64 3
29 65 10
29 74 9
29 79 9
29 80 1
29 82 10
29 84 9
29 87 4
30 35 2
30 56 10
30 57 1
30 67 3
30 71 1
30 75 10
30 79 4
30 90 4
30 94 1
30 95 10
31 54 8
31 59 8
31 86 3
31 87 4
31 95 6
32 33 2
32 36 9
32 37 4
32 41 5
32 56 8
32 69 4
32 81 8
32 82 4
32 96 2
32 98 3
33 42 6
33 74 8
34 36 10
34 68 8
34 70 7
34 71 2
34 78 5
34 81 1
34 83 6
35 50 1
35 81 1
35 89 7
35 92 2
35 97 7
36 37 8
36 39 1
36 44 8
36 47 7
36 60 3
36 70 8
36 81 8
36 84 7
37 64 3
37 66 4
37 67 6
37 72 4
37 74 2
37 88 5
37 96 10
38 45 3
38 52 1
38 56 6
38 66 8
38 73 5
38 79 1
38 93 3
39 44 10
39 80 10
40 45 4
40 69 1
40 72 6
40 87 10
41 48 10
41 79 6
41 90 9
41 93 5
42 55 7
42 57 10
42 65 10
42 72 10
42 78 6
42 97 10
43 48 2
43 65 3
43 79 3
43 82 7
43 84 3
43 92 6
44 46 3
44 48 5
44 50 9
44 60 7
44 90 1
44 94 3
44 98 5
45 65 2
45 72 9
45 75 2
45 84 3
45 95 8
46 48 2
46 61 5
46 79 3
46 89 3
47 62 9
47 63 6
47 95 7
48 50 6
48 55 5
48 73 8
48 80 5
49 67 10
49 79 2
49 91 4
50 76 7
50 94 2
51 53 6
51 63 10
51 65 8
51 74 1
52 56 8
52 76 10
52 87 5
52 98 2
53 60 6
53 77 10
53 87 10
53 90 2
53 98 2
54 57 9
54 61 10
54 63 2
54 69 8
54 70 4
54 73 4
54 79 8
54 85 9
54 92 8
55 66 4
55 70 8
55 78 6
55 98 8
56 57 7
56 66 8
56 67 7
56 80 8
57 66 5
57 67 1
57 79 1
57 87 4
57 99 8
58 76 1
59 65 10
59 79 9
60 63 7
60 66 1
60 68 9
60 70 5
60 73 3
60 75 2
60 81 3
60 93 8
61 66 9
61 94 7
62 65 1
63 87 5
64 74 7
64 75 10
64 77 7
64 78 1
64 84 9
64 85 5
65 70 6
65 73 7
66 67 7
66 79 2
66 86 3
66 90 9
66 93 7
67 73 5
67 93 8
68 76 4
68 79 4
68 84 5
69 70 9
69 83 6
69 98 3
71 77 6
71 79 3
72 82 8
72 95 4
73 77 4
73 82 6
73 88 6
73 89 8
73 90 10
73 95 8
74 82 9
75 79 6
75 80 4
75 83 10
75 84 4
75 91 7
76 80 5
76 93 3
77 83 5
77 84 9
78 85 9
78 88 8
78 93 1
79 93 10
80 92 5
80 93 9
81 85 4
81 87 4
82 83 2
82 93 5
82 97 10
83 96 7
84 91 10
84 94 9
86 88 1
86 96 4
87 92 1
87 96 4
87 98 1
87 99 9
88 95 8
88 99 5
90 94 10
91 92 1
91 95 3