100 210
0 15 10
1 34 10
1 51 8
1 85 6
2 40 6
2 47 4
3 4 9
3 91 2
3 95 7
4 19 7
4 52 1
4 76 9
4 82 9
5 20 7
5 44 2
5 71 10
5 77 6
6 13 5
6 34 10
6 57 10
6 63 10
6 65 8
6 94 5
6 98 6
7 40 4
7 58 1
7 67 1
7 76 5
7 81 9
8 33 3
8 37 7
8 47 2
8 59 4
8 64 4
8 67 8
9 52 2
9 98 7
10 35 4
10 42 2
10 54 7
10 66 5
10 80 1
10 86 9
11 14 3
11 21 7
11 35 9
11 54 10
11 97 8
12 88 3
12 95 9
13 28 7
13 61 8
13 71 6
13 76 9
13 95 1
13 98 10
14 33 5
14 55 6
14 78 1
14 79 5
14 96 4
14 97 7
15 17 3
15 72 10
15 75 8
15 76 5
16 23 1
16 68 10
16 70 5
16 85 1
17 41 8
17 48 5
17 60 9
18 19 3
18 34 4
18 39 2
18 49 7
18 56 5
18 73 5
18 90 8
19 25 5
19 27 5
19 29 1
19 72 5
19 78 10
20 35 10
20 71 3
20 94 2
21 28 2
21 41 10
22 45 4
22 55 9
22 66 9
23 66 7
23 73 5
23 83 10
23 94 5
24 57 3
24 68 8
24 78 4
25 39 5
25 45 3
25 52 6
25 72 4
25 80 2
25 97 7
26 31 6
26 49 1
26 66 7
26 68 2
26 97 4
26 98 1
27 40 2
27 43 6
27 45 1
27 94 10
28 46 9
28 89 8
29 51 3
29 92 9
30 33 6
30 76 1
30 99 10
31 54 6
32 43 6
32 47 2
32 62 10
32 77 6
33 61 10
33 74 7
33 93 8
34 41 6
34 46 6
34 66 4
34 90 6
36 46 2
36 52 6
36 55 8
36 79 5
36 91 7
37 62 10
38 66 4
38 82 1
39 82 2
40 77 9
41 76 8
42 52 10
42 68 9
42 84 6
43 57 6
43 62 6
43 66 8
43 81 9
44 55 10
44 90 2
45 60 2
46 57 1
46 78 8
46 81 10
47 54 4
47 66 4
47 86 7
47 94 4
48 62 3
48 87 7
48 92 3
50 69 9
50 70 8
50 76 4
51 72 7
51 74 8
51 81 10
52 86 2
55 65 8
57 82 7
58 83 3
58 89 7
58 91 1
59 67 9
59 81 7
60 64 5
60 65 7
60 79 4
60 81 5
61 73 4
61 78 2
61 83 3
62 83 9
62 86 10
64 76 10
66 92 6
67 85 10
67 89 8
70 90 1
71 89 1
72 96 2
73 94 8
75 79 10
76 81 1
76 94 3
77 78 1
77 88 1
77 93 6
78 84 3
80 88 5
81 99 3
83 90 2
87 94 9
87 95 4
95 98 2