100 201
0 21 3
0 54 5
0 76 1
1 51 2
1 69 10
1 75 1
1 80 4
1 82 2
1 86 1
2 14 4
2 37 7
2 53 6
2 57 8
3 18 2
3 82 6
3 98 1
4 13 8
4 15 8
4 75 4
4 76 7
4 95 10
5 8 7
5 52 4
6 72 6
7 56 10
8 16 6
8 35 4
8 36 3
8 39 1
8 62 6
8 63 5
8 95 4
9 26 3
9 34 5
9 43 4
11 31 8
11 33 8
11 64 9
11 67 1
11 77 9
12 28 9
12 31 5
12 66 2
13 27 1
13 87 10
13 90 9
14 25 4
14 49 4
14 56 3
14 87 10
15 37 6
15 60 7
16 56 9
16 59 2
16 60 10
16 83 9
16 85 6
16 89 9
16 99 2
17 28 7
17 46 5
17 51 2
17 56 7
18 23 7
18 34 8
18 65 3
18 74 7
19 53 1
19 56 10
20 47 7
20 61 5
20 69 3
20 89 8
21 30 1
21 63 9
21 80 7
22 25 10
22 28 1
22 55 3
22 74 10
23 48 4
23 58 7
23 78 5
23 90 10
23 91 9
23 98 6
24 45 4
25 28 4
25 43 3
25 64 4
25 68 6
25 76 8
25 85 10
25 94 10
25 99 6
27 65 9
27 88 5
27 98 5
28 46 7
30 34 2
30 48 5
30 54 10
30 97 9
32 56 10
34 42 10
34 47 4
34 54 5
34 64 6
34 73 4
35 97 4
36 88 10
36 89 10
36 94 10
37 64 9
37 71 2
37 80 8
38 41 10
38 69 5
38 86 3
38 91 3
39 41 9
39 55 8
39 82 5
40 47 7
41 49 6
41 75 3
43 73 6
43 97 1
45 57 2
45 62 3
45 85 10
45 89 5
45 94 3
46 50 2
46 83 9
47 81 7
47 89 3
48 61 4
48 71 3
48 82 5
49 66 8
50 53 5
50 61 10
50 76 10
50 89 6
51 83 8
51 86 5
53 54 2
53 66 9
54 75 4
54 99 2
55 88 2
56 80 3
56 81 4
58 72 4
60 68 2
60 71 4
60 95 8
61 63 5
61 93 9
62 72 5
62 88 4
62 92 6
62 94 10
63 83 9
63 86 9
64 74 2
64 80 9
64 94 7
66 92 3
67 80 7
68 92 6
69 72 6
69 83 4
69 98 5
70 94 7
71 77 6
71 91 2
72 78 7
72 91 9
73 82 5
73 83 2
73 99 5
74 76 1
74 80 5
75 94 8
76 82 2
76 88 3
77 86 6
77 94 3
79 81 1
80 85 9
80 88 1
82 93 7
85 90 3
85 98 3
86 95 2
88 95 7
92 95 9
92 97 4
93 98 2